Window;1;Noise Spectrum;
Trace;1;
1.0000000000;-63.3760490417;
1.0115795135;-63.4957237244;
1.0232930183;-63.6023864746;
1.0351421833;-63.6967544556;
1.0471285582;-63.7911224365;
1.0592536926;-63.8854866028;
1.0715192556;-63.9798545837;
1.0839269161;-64.0750961304;
1.0964782238;-64.1729660034;
1.1091748476;-64.2708435059;
1.1220184565;-64.3687133789;
1.1350108385;-64.4665832520;
1.1481536627;-64.5815963745;
1.1614485979;-64.7398757935;
1.1748975515;-64.8981628418;
1.1885021925;-65.0564422607;
1.2022644281;-65.2147216797;
1.2161860466;-65.4380722046;
1.2302688360;-65.7071151733;
1.2445145845;-65.9761505127;
1.2589254379;-66.2451858521;
1.2735030651;-66.5338287354;
1.2882494926;-66.9511489868;
1.3031667471;-67.3684692383;
1.3182567358;-67.7857894897;
1.3335214853;-68.2031173706;
1.3489629030;-68.7704238892;
1.3645831347;-69.3554458618;
1.3803843260;-69.9404678345;
1.3963683844;-70.5254898071;
1.4125375748;-71.1530151367;
1.4288939238;-71.7878189087;
1.4454398155;-72.4226303101;
1.4621771574;-73.0574340820;
1.4791084528;-73.1348571777;
1.4962356091;-73.2081680298;
1.5135612488;-73.2814788818;
1.5310875177;-73.1291732788;
1.5488165617;-72.4402389526;
1.5667510033;-71.7513046265;
1.5848932266;-71.0623626709;
1.6032453775;-70.3124008179;
1.6218100786;-69.5421218872;
1.6405898333;-68.7718353271;
1.6595869064;-68.0550231934;
1.6788040400;-67.4403915405;
1.6982436180;-66.8257598877;
1.7179083824;-66.2213058472;
1.7378008366;-65.7620468140;
1.7579236031;-65.3027954102;
1.7782794237;-64.8435363770;
1.7988709211;-64.5253753662;
1.8197008371;-64.2217483521;
1.8407719135;-63.9181175232;
1.8620871305;-63.7796173096;
1.8836491108;-63.6683082581;
1.9054607153;-63.5569953918;
1.9275249243;-63.6574020386;
1.9498445988;-63.7777328491;
1.9724227190;-63.9120407104;
1.9952623844;-64.2444458008;
2.0183663368;-64.5768432617;
2.0417380333;-64.9270401001;
2.0653800964;-65.3171691895;
2.0892961025;-65.7072906494;
2.1134889126;-65.9876251221;
2.1379621029;-66.2049713135;
2.1627185345;-66.4156112671;
2.1877615452;-66.4749984741;
2.2130947113;-66.5343780518;
2.2387211323;-66.6375961304;
2.2646441460;-66.7805328369;
2.2908678055;-66.9395141602;
2.3173947334;-67.2889022827;
2.3442287445;-67.6382904053;
2.3713736534;-68.0488967896;
2.3988327980;-68.4860000610;
2.4266099930;-68.8511123657;
2.4547088146;-69.0994949341;
2.4831330776;-69.3154678345;
2.5118863583;-69.3052368164;
2.5409727097;-69.2950057983;
2.5703957081;-69.2816619873;
2.6001594067;-69.2680740356;
2.6302678585;-69.4458541870;
2.6607251167;-69.6771469116;
2.6915347576;-70.1584930420;
2.7227013111;-70.7530364990;
2.7542285919;-71.5963516235;
2.7861211300;-72.5768814087;
2.8183827400;-73.7100906372;
2.8510184288;-74.9263763428;
2.8840315342;-75.7800140381;
2.9174270630;-76.4750823975;
2.9512093067;-76.0716323853;
2.9853825569;-75.3702926636;
3.0199515820;-74.2026062012;
3.0549211502;-73.0253601074;
3.0902955532;-72.1689453125;
3.1260793209;-71.4804229736;
3.1622776985;-71.1854476929;
3.1988949776;-71.2098007202;
3.2359364033;-71.5015640259;
3.2734067440;-72.2402420044;
3.3113110065;-73.1172866821;
3.3496541977;-74.2641830444;
3.3884413242;-75.2252960205;
3.4276781082;-75.9875869751;
3.4673686028;-75.8675460815;
3.5075187683;-75.4709625244;
3.5481340885;-74.7087554932;
3.5892193317;-74.0133285522;
3.6307804585;-73.3689193726;
3.6728229523;-72.8397598267;
3.7153522968;-72.3251800537;
3.7583739758;-71.8345108032;
3.8018937111;-71.4238815308;
3.8459177017;-71.2052612305;
3.8904511929;-71.1191024780;
3.9355010986;-71.1753234863;
3.9810719490;-70.9991531372;
4.0271706581;-70.5421447754;
4.0738029480;-69.8048400879;
4.1209754944;-69.0109405518;
4.1686940193;-68.5022506714;
4.2169651985;-68.2716751099;
4.2657952309;-68.3105087280;
4.3151907921;-68.5093688965;
4.3651580811;-68.5608520508;
4.4157042503;-68.4209594727;
4.4668354988;-68.1251220703;
4.5185589790;-67.7656860352;
4.5708823204;-67.4694747925;
4.6238102913;-67.3040084839;
4.6773514748;-67.3340072632;
4.7315125465;-67.6759033203;
4.7863011360;-68.4777908325;
4.8417239189;-69.8938217163;
4.8977880478;-72.0160140991;
4.9545016289;-74.5216674805;
5.0118722916;-75.5784149170;
5.0699067116;-74.9360046387;
5.1286134720;-74.0546569824;
5.1880002022;-73.8275756836;
5.2480750084;-74.5525283813;
5.3088445663;-76.2976455688;
5.3703184128;-78.8528289795;
5.4325037003;-80.6611099243;
5.4954090118;-79.7260360718;
5.5590424538;-78.1313476562;
5.6234130859;-75.3432006836;
5.6885290146;-73.5521240234;
5.7543992996;-72.8009185791;
5.8210320473;-73.5677032471;
5.8884363174;-74.4186019897;
5.9566211700;-74.5854949951;
6.0255956650;-73.8652496338;
6.0953693390;-73.0270309448;
6.1659502983;-72.7219924927;
6.2373485565;-73.0922470093;
6.3095736504;-73.8950500488;
6.3826351166;-74.7273712158;
6.4565424919;-76.0675735474;
6.5313053131;-78.5284805298;
6.6069345474;-80.1196060181;
6.6834387779;-79.0161514282;
6.7608294487;-76.3198471069;
6.8391160965;-73.4085922241;
6.9183092117;-72.3773193359;
6.9984202385;-72.8170852661;
7.0794582367;-74.0766601562;
7.1614346504;-76.6525115967;
7.2443599701;-78.1581649780;
7.3282456398;-78.1732330322;
7.4131026268;-78.5985946655;
7.4989418983;-79.3387145996;
7.5857758522;-79.5044097900;
7.6736145020;-78.1347351074;
7.7624707222;-76.3561096191;
7.8523559570;-74.5069732666;
7.9432821274;-74.3477706909;
8.0352611542;-76.2913894653;
8.1283054352;-79.0565338135;
8.2224273682;-78.6281585693;
8.3176383972;-76.4828948975;
8.4139518738;-74.1044006348;
8.5113801956;-72.5828857422;
8.6099376678;-72.7256851196;
8.7096357346;-74.4664382935;
8.8104887009;-76.7609634399;
8.9125089645;-77.7221374512;
9.0157108307;-77.7306518555;
9.1201076508;-75.1334762573;
9.2257137299;-73.1549224854;
9.3325433731;-73.3503341675;
9.4406089783;-76.1128234863;
9.5499258041;-79.5619125366;
9.6605091095;-80.5836410522;
9.7723722458;-79.4251708984;
9.8855314255;-78.1225509644;
10.0000000000;-77.3424758911;
10.1157941818;-77.4627838135;
10.2329292297;-77.4783859253;
10.3514213562;-77.4254074097;
10.4712848663;-77.3544082642;
10.5925369263;-77.3136901855;
10.7151927948;-77.3352355957;
10.8392686844;-77.4253387451;
10.9647808075;-77.5596694946;
11.0917472839;-77.6675491333;
11.2201833725;-77.7504272461;
11.3501071930;-77.7341995239;
11.4815349579;-77.6287002563;
11.6144876480;-77.4934310913;
11.7489767075;-77.4051361084;
11.8850231171;-77.4915618896;
12.0226459503;-77.7902679443;
12.1618614197;-78.0172882080;
12.3026885986;-78.1208114624;
12.4451465607;-78.0074310303;
12.5892543793;-77.6806411743;
12.7350311279;-77.2402648926;
12.8824958801;-76.8153686523;
13.0316677094;-76.4375457764;
13.1825675964;-76.4235916138;
13.3352146149;-76.6605606079;
13.4896287918;-77.0530471802;
13.6458311081;-77.5554351807;
13.8038425446;-78.3483963013;
13.9636831284;-78.9875717163;
14.1253747940;-79.1793060303;
14.2889385223;-79.1452178955;
14.4543962479;-78.9907302856;
14.6217708588;-78.9394760132;
14.7910823822;-78.9689712524;
14.9623546600;-79.0902328491;
15.1356105804;-79.1201477051;
15.3108730316;-78.8833847046;
15.4881677628;-78.5213241577;
15.6675128937;-78.2888870239;
15.8489332199;-77.9993820190;
16.0324554443;-77.6839523315;
16.2181015015;-77.2136001587;
16.4058990479;-76.6942520142;
16.5958709717;-76.3299560547;
16.7880401611;-76.2231369019;
16.9824371338;-76.4130859375;
17.1790847778;-76.7195053101;
17.3780078888;-76.9979400635;
17.5792369843;-77.3052978516;
17.7827949524;-77.5866775513;
17.9887084961;-77.9553527832;
18.1970081329;-78.3147811890;
18.4077186584;-78.4983215332;
18.6208705902;-78.3818817139;
18.8364906311;-78.0493392944;
19.0546054840;-77.6218948364;
19.2752475739;-77.2777175903;
19.4984436035;-77.5553054810;
19.7242259979;-78.6166305542;
19.9526214600;-79.8249893188;
20.1836605072;-80.9801025391;
20.4173774719;-81.6755599976;
20.6538047791;-81.1140060425;
20.8929634094;-80.2283554077;
21.1348934174;-79.6851577759;
21.3796234131;-79.4769668579;
21.6271877289;-79.3963165283;
21.8776187897;-79.5528182983;
22.1309490204;-80.2907028198;
22.3872127533;-81.7181777954;
22.6464443207;-83.3872528076;
22.9086780548;-84.2470321655;
23.1739463806;-83.6453018188;
23.4422893524;-82.3237609863;
23.7137374878;-81.3084030151;
23.9883289337;-81.0893783569;
24.2660999298;-81.6474838257;
24.5470886230;-82.3520889282;
24.8313293457;-81.7041778564;
25.1188621521;-80.6172637939;
25.4097251892;-79.7251358032;
25.7039566040;-78.8660049438;
26.0015926361;-78.3622436523;
26.3026771545;-78.5034332275;
26.6072483063;-78.9148483276;
26.9153442383;-79.2268981934;
27.2270088196;-79.9776077271;
27.5422897339;-81.1754837036;
27.8612155914;-81.4898757935;
28.1838321686;-80.5657882690;
28.5101852417;-79.5406112671;
28.8403167725;-78.9743423462;
29.1742725372;-79.2362747192;
29.5120944977;-80.3082122803;
29.8538284302;-81.9583663940;
30.1995182037;-80.9931182861;
30.5492115021;-81.0388259888;
30.9029541016;-80.9984130859;
31.2607936859;-80.9204711914;
31.6227760315;-80.8254089355;
31.9889507294;-80.7388076782;
32.3593635559;-80.7083969116;
32.7340698242;-80.7282257080;
33.1131095886;-80.7995147705;
33.4965438843;-80.9230728149;
33.8844146729;-81.0487747192;
34.2767753601;-81.1386108398;
34.6736831665;-81.1653594971;
35.0751838684;-81.0937881470;
35.4813346863;-80.9091720581;
35.8921890259;-80.6864700317;
36.3078002930;-80.4774398804;
36.7282333374;-80.3380508423;
37.1535263062;-80.3235778809;
37.5837440491;-80.5034179688;
38.0189437866;-80.8559494019;
38.4591827393;-81.3069458008;
38.9045181274;-81.7463455200;
39.3550109863;-82.0466232300;
39.8107185364;-82.1195907593;
40.2717056274;-81.9753265381;
40.7380294800;-81.7251281738;
41.2097511292;-81.4941787720;
41.6869392395;-81.3424072266;
42.1696510315;-81.2376937866;
42.6579513550;-81.1170883179;
43.1519050598;-80.9485778809;
43.6515808105;-80.7576751709;
44.1570434570;-80.6059341431;
44.6683578491;-80.5389633179;
45.1855926514;-80.6070938110;
45.7088165283;-80.7648849487;
46.2380981445;-80.9926986694;
46.7735099792;-81.2763595581;
47.3151206970;-81.5813140869;
47.8630027771;-81.8158416748;
48.4172286987;-81.8381576538;
48.9778900146;-81.5531845093;
49.5450248718;-81.0186996460;
50.1187286377;-80.1501922607;
50.6990776062;-79.6002502441;
51.2861442566;-79.5307159424;
51.8800086975;-79.6624832153;
52.4807510376;-79.9029388428;
53.0884475708;-80.1203918457;
53.7031822205;-80.2046051025;
54.3250350952;-80.1800918579;
54.9540901184;-80.2834243774;
55.5904273987;-80.5333709717;
56.2341308594;-80.9790267944;
56.8852920532;-81.2349624634;
57.5439910889;-81.2606582642;
58.2103195190;-81.2683334351;
58.8843612671;-81.2745437622;
59.5662117004;-81.2550354004;
60.2559547424;-81.3126068115;
60.9536857605;-81.6316528320;
61.6594963074;-82.0248794556;
62.3734779358;-82.5380096436;
63.0957260132;-82.6772232056;
63.8263397217;-82.4812469482;
64.5654144287;-82.2883377075;
65.3130645752;-82.0816116333;
66.0693511963;-81.7635726929;
66.8343963623;-81.3168792725;
67.6083068848;-80.8305511475;
68.3911743164;-80.3174057007;
69.1831054688;-79.8305435181;
69.9842071533;-79.4635925293;
70.7945785522;-79.2726974487;
71.6143417358;-79.2517471313;
72.4435958862;-79.1962738037;
73.2824554443;-79.0996704102;
74.1310272217;-79.1875915527;
74.9894180298;-79.6348495483;
75.8577575684;-79.6802978516;
76.7361450195;-79.1325302124;
77.6247100830;-78.5135955811;
78.5235595703;-78.0940093994;
79.4328155518;-77.8853454590;
80.3526077271;-77.6401062012;
81.2830429077;-77.3853378296;
82.2242584229;-77.3104400635;
83.1763687134;-77.4464645386;
84.1395034790;-77.4609909058;
85.1137924194;-77.4729614258;
86.0993652344;-77.5250396729;
87.0963668823;-77.3976440430;
88.1048965454;-77.1664962769;
89.1251068115;-77.1552276611;
90.1571197510;-77.5372085571;
91.2010955811;-77.8216094971;
92.2571487427;-77.6284332275;
93.3254394531;-77.3988800049;
94.4060897827;-77.0267639160;
95.4992599487;-76.4083938599;
96.6050872803;-76.3855819702;
97.7237243652;-77.0680007935;
98.8553085327;-77.2939071655;
100.0000000000;-76.8847274780;
101.1579742432;-76.8535766602;
102.3292999268;-76.8190689087;
103.5142440796;-76.7813873291;
104.7128524780;-76.7633819580;
105.9253921509;-76.7553024292;
107.1519241333;-76.7873611450;
108.3927154541;-76.8277053833;
109.6478118896;-76.8780670166;
110.9175033569;-76.8989944458;
112.2018356323;-76.9005813599;
113.5010986328;-76.8590850830;
114.8153457642;-76.7995681763;
116.1448745728;-76.7317276001;
117.4897384644;-76.6673736572;
118.8502349854;-76.6043701172;
120.2264251709;-76.5415039062;
121.6186141968;-76.4743270874;
123.0268554688;-76.4230728149;
124.4514694214;-76.3992462158;
125.8925170898;-76.4375534058;
127.3503112793;-76.5836944580;
128.8249206543;-76.8125534058;
130.3166809082;-77.1258850098;
131.8256378174;-77.5334625244;
133.3521423340;-77.9672164917;
134.8963165283;-78.3977508545;
136.4583129883;-78.8015060425;
138.0384674072;-79.1365966797;
139.6368255615;-79.4107742310;
141.2537841797;-79.6491699219;
142.8893890381;-79.8708953857;
144.5440063477;-80.0979080200;
146.2176971436;-80.3513946533;
147.9108581543;-80.6212158203;
149.6235504150;-80.8962631226;
151.3561553955;-81.1792907715;
153.1087188721;-81.4830093384;
154.8816833496;-81.8219757080;
156.6750793457;-82.1881408691;
158.4893341064;-82.5084228516;
160.3245086670;-82.7128067017;
162.1810302734;-82.8045043945;
164.0589447021;-82.8430099487;
165.9586944580;-82.8986282349;
167.8803710938;-83.0135421753;
169.8243713379;-83.1860580444;
171.7908020020;-83.3779296875;
173.7800903320;-83.5418014526;
175.7923126221;-83.6653594971;
177.8279418945;-83.7301788330;
179.8871459961;-83.9100570679;
181.9700775146;-84.2555007935;
184.0772399902;-84.7795257568;
186.2087097168;-85.5969085693;
188.3649444580;-86.0116424561;
190.5460662842;-85.9285354614;
192.7525329590;-85.7383651733;
194.9844360352;-85.5994110107;
197.2423095703;-85.6187591553;
199.5262145996;-85.8450775146;
201.8366699219;-86.2581787109;
204.1737670898;-86.7622909546;
206.5380401611;-87.3630142212;
208.9295806885;-87.6283874512;
211.3489227295;-87.6245956421;
213.7961730957;-87.6096420288;
216.2718658447;-87.6711883545;
218.7761230469;-87.8463592529;
221.3094787598;-87.8468246460;
223.8720703125;-87.7364501953;
226.4644470215;-87.7156524658;
229.0867156982;-87.9739761353;
231.7394714355;-88.2712478638;
234.4228210449;-88.3029251099;
237.1373748779;-88.2335739136;
239.8833618164;-88.3521575928;
242.6610107422;-88.5857391357;
245.4709472656;-88.7583160400;
248.3132934570;-88.5902099609;
251.1887054443;-88.4933853149;
254.0972595215;-88.6623535156;
257.0396423340;-88.7956542969;
260.0159301758;-88.8180923462;
263.0268554688;-88.9925079346;
266.0724792480;-89.3869247437;
269.1535339355;-89.8953018188;
272.2700805664;-90.1765213013;
275.4229125977;-90.0072479248;
278.6120605469;-89.8562011719;
281.8383178711;-89.9594650269;
285.1017761230;-90.0593948364;
288.4031677246;-90.1701965332;
291.7426452637;-90.7009735107;
295.1209411621;-91.1741409302;
298.5382080078;-91.1493377686;
301.9951782227;-90.8113174438;
305.4920349121;-90.8951339722;
309.0295410156;-90.9766311646;
312.6078491211;-91.0624771118;
316.2277526855;-91.1679992676;
319.8895874023;-91.2846679688;
323.5936584473;-91.4257965088;
327.3407592773;-91.5822296143;
331.1311035156;-91.7549591064;
334.9655151367;-91.9385833740;
338.8441467285;-92.1269989014;
342.7678527832;-92.3021316528;
346.7368164062;-92.4655609131;
350.7519226074;-92.5902709961;
354.8133544922;-92.6812286377;
358.9219970703;-92.7424850464;
363.0780029297;-92.7635803223;
367.2823486328;-92.7734069824;
371.5351867676;-92.7666015625;
375.8374328613;-92.7550582886;
380.1893310547;-92.7422790527;
384.5918273926;-92.7410354614;
389.0450744629;-92.7547760010;
393.5501098633;-92.7805404663;
398.1070861816;-92.8088302612;
402.7170410156;-92.8128967285;
407.3801879883;-92.7931137085;
412.0975341797;-92.7295837402;
416.8692626953;-92.6600036621;
421.6965026855;-92.5930938721;
426.5796203613;-92.5429229736;
431.5190734863;-92.5224075317;
436.5159301758;-92.5336685181;
441.5704345703;-92.5818328857;
446.6836853027;-92.6834106445;
451.8559265137;-92.7858505249;
457.0882873535;-92.8402557373;
462.3809814453;-92.8325424194;
467.7352294922;-92.7675628662;
473.1512145996;-92.7698211670;
478.6301574707;-92.9008636475;
484.1723022461;-93.1563491821;
489.7788696289;-93.5039062500;
495.4501037598;-93.8822250366;
501.1872863770;-94.2082901001;
506.9906311035;-94.4133071899;
512.8614501953;-94.4768447876;
518.7999267578;-94.4362258911;
524.8074951172;-94.3808593750;
530.8843383789;-94.4073867798;
537.0317993164;-94.5535354614;
543.2501831055;-94.7579574585;
549.5408935547;-94.8977890015;
555.9041137695;-94.9045639038;
562.3413085938;-94.8566436768;
568.8530883789;-94.8591537476;
575.4399414062;-94.9287490845;
582.1033325195;-95.0082702637;
588.8436279297;-95.0587387085;
595.6622924805;-95.1263885498;
602.5595703125;-95.2672729492;
609.5369873047;-95.4897766113;
616.5949707031;-95.7134857178;
623.7349243164;-95.8196563721;
630.9572753906;-95.7457962036;
638.2636108398;-95.5436019897;
645.6541137695;-95.3208770752;
653.1306152344;-95.1555328369;
660.6933593750;-95.0665435791;
668.3439941406;-95.0233840942;
676.0828857422;-95.0476379395;
683.9116821289;-95.1664657593;
691.8308105469;-95.3916778564;
699.8420410156;-95.6680221558;
707.9456176758;-95.8896484375;
716.1434326172;-95.9589996338;
724.4357910156;-95.8746566772;
732.8245239258;-95.8703918457;
741.3100585938;-95.9520721436;
749.8942260742;-96.0996322632;
758.5777587891;-96.1208724976;
767.3614501953;-96.0517883301;
776.2473144531;-96.0048370361;
785.2355957031;-96.1242065430;
794.3284301758;-96.2943954468;
803.5260620117;-96.5997543335;
812.8306884766;-96.8905868530;
822.2425537109;-96.9866943359;
831.7639160156;-96.9461746216;
841.3950195312;-96.8548507690;
851.1381835938;-96.7764205933;
860.9936523438;-96.6355133057;
870.9636840820;-96.4479370117;
881.0487670898;-96.3446578979;
891.2510375977;-96.3537979126;
901.5709838867;-96.4320602417;
912.0109252930;-96.6810836792;
922.5712280273;-96.9675750732;
933.2543334961;-97.0294494629;
944.0606689453;-96.9189147949;
954.9926147461;-96.8562850952;
966.0506591797;-96.8575286865;
977.2372436523;-96.9480895996;
988.5528564453;-97.1402587891;
1000.0000000000;-97.1757812500;
1011.5797119141;-97.2377853394;
1023.2929687500;-97.2949829102;
1035.1424560547;-97.3476333618;
1047.1285400391;-97.3929061890;
1059.2539062500;-97.4360809326;
1071.5192871094;-97.4777221680;
1083.9271240234;-97.5210189819;
1096.4781494141;-97.5663299561;
1109.1750488281;-97.6122741699;
1122.0183105469;-97.6569747925;
1135.0109863281;-97.6972122192;
1148.1534423828;-97.7326812744;
1161.4487304688;-97.7657699585;
1174.8973388672;-97.7985534668;
1188.5023193359;-97.8365325928;
1202.2642822266;-97.8792495728;
1216.1861572266;-97.9319915771;
1230.2685546875;-97.9896774292;
1244.5146484375;-98.0490722656;
1258.9251708984;-98.1064758301;
1273.5031738281;-98.1513290405;
1288.2492675781;-98.1823120117;
1303.1667480469;-98.1969528198;
1318.2563476562;-98.1864013672;
1333.5214843750;-98.1658248901;
1348.9632568359;-98.1456375122;
1364.5831298828;-98.1345825195;
1380.3846435547;-98.1511917114;
1396.3682861328;-98.1919860840;
1412.5378417969;-98.2424545288;
1428.8939208984;-98.2907104492;
1445.4400634766;-98.3240737915;
1462.1770019531;-98.3353195190;
1479.1086425781;-98.3453979492;
1496.2354736328;-98.3696823120;
1513.5615234375;-98.4102935791;
1531.0872802734;-98.4552536011;
1548.8167724609;-98.4795455933;
1566.7508544922;-98.4571456909;
1584.8933105469;-98.3846664429;
1603.2451171875;-98.3067626953;
1621.8101806641;-98.2631225586;
1640.5894775391;-98.2770919800;
1659.5870361328;-98.3490982056;
1678.8035888672;-98.4589233398;
1698.2437744141;-98.5771636963;
1717.9079589844;-98.6813354492;
1737.8009033203;-98.7672424316;
1757.9230957031;-98.8459625244;
1778.2794189453;-98.8935928345;
1798.8713378906;-98.9777832031;
1819.7008056641;-99.0480346680;
1840.7724609375;-99.0779418945;
1862.0870361328;-99.0270690918;
1883.6495361328;-98.9420394897;
1905.4605712891;-98.9146499634;
1927.5252685547;-98.9246597290;
1949.8444824219;-98.9650497437;
1972.4230957031;-99.0250167847;
1995.2620849609;-99.0977935791;
2018.3666992188;-99.1817855835;
2041.7376708984;-99.2718582153;
2065.3803710938;-99.3646392822;
2089.2958984375;-99.3625259399;
2113.4892578125;-99.3125152588;
2137.9616699219;-99.2651977539;
2162.7187500000;-99.2411270142;
2187.7612304688;-99.2464141846;
2213.0949707031;-99.2622680664;
2238.7207031250;-99.2683563232;
2264.6442871094;-99.2801818848;
2290.8671875000;-99.3316116333;
2317.3947753906;-99.3895874023;
2344.2282714844;-99.3884048462;
2371.3737792969;-99.3140640259;
2398.8334960938;-99.2589721680;
2426.6101074219;-99.2964324951;
2454.7094726562;-99.4343032837;
2483.1330566406;-99.5373535156;
2511.8869628906;-99.5058822632;
2540.9726562500;-99.4187316895;
2570.3962402344;-99.3459625244;
2600.1594238281;-99.3066711426;
2630.2685546875;-99.3432235718;
2660.7248535156;-99.4691696167;
2691.5351562500;-99.6486968994;
2722.7009277344;-99.7760467529;
2754.2290039062;-99.7670974731;
2786.1208496094;-99.6883468628;
2818.3833007812;-99.6641159058;
2851.0178222656;-99.7184143066;
2884.0317382812;-99.7470397949;
2917.4265136719;-99.7088394165;
2951.2094726562;-99.7136154175;
2985.3820800781;-99.7375259399;
3019.9519042969;-99.5822372437;
3054.9204101562;-99.5804367065;
3090.2954101562;-99.5816268921;
3126.0786132812;-99.5846405029;
3162.2775878906;-99.5959548950;
3198.8959960938;-99.6163558960;
3235.9365234375;-99.6567382812;
3273.4077148438;-99.7147445679;
3311.3110351562;-99.7915191650;
3349.6550292969;-99.8761520386;
3388.4414062500;-99.9642562866;
3427.6784667969;-100.0184783936;
3467.3681640625;-100.0565719604;
3507.5192871094;-100.0449066162;
3548.1335449219;-100.0102844238;
3589.2199707031;-99.9554367065;
3630.7800292969;-99.9025192261;
3672.8234863281;-99.8579254150;
3715.3518066406;-99.8370132446;
3758.3745117188;-99.8353424072;
3801.8933105469;-99.8441162109;
3845.9182128906;-99.8580856323;
3890.4506835938;-99.8651580811;
3935.5009765625;-99.8664321899;
3981.0708007812;-99.8609008789;
4027.1704101562;-99.8619308472;
4073.8017578125;-99.8701019287;
4120.9750976562;-99.8960189819;
4168.6928710938;-99.9254531860;
4216.9648437500;-99.9510955811;
4265.7963867188;-99.9604568481;
4315.1904296875;-99.9382400513;
4365.1591796875;-99.9007034302;
4415.7041015625;-99.8544540405;
4466.8369140625;-99.8183822632;
4518.5590820312;-99.8084030151;
4570.8828125000;-99.8185882568;
4623.8095703125;-99.8464202881;
4677.3520507812;-99.8877944946;
4731.5122070312;-99.9416122437;
4786.3017578125;-99.9997940063;
4841.7231445312;-100.0516662598;
4897.7890625000;-100.0848159790;
4954.5009765625;-100.0875625610;
5011.8730468750;-100.0600204468;
5069.9062500000;-100.0322570801;
5128.6142578125;-100.0224304199;
5187.9995117188;-100.0354843140;
5248.0747070312;-100.0716552734;
5308.8432617188;-100.1301651001;
5370.3183593750;-100.2079162598;
5432.5019531250;-100.2907333374;
5495.4086914062;-100.3526916504;
5559.0410156250;-100.3772735596;
5623.4130859375;-100.3795776367;
5688.5307617188;-100.3857727051;
5754.3994140625;-100.4076843262;
5821.0336914062;-100.4380035400;
5888.4365234375;-100.4573822021;
5956.6225585938;-100.4434890747;
6025.5957031250;-100.3872146606;
6095.3701171875;-100.3036804199;
6165.9497070312;-100.2148742676;
6237.3496093750;-100.1346588135;
6309.5727539062;-100.0615005493;
6382.6357421875;-99.9900970459;
6456.5415039062;-99.9292526245;
6531.3061523438;-99.9084167480;
6606.9335937500;-99.9580993652;
6683.4399414062;-100.1324005127;
6760.8286132812;-100.2563476562;
6839.1171875000;-100.2433242798;
6918.3081054688;-100.1905670166;
6998.4204101562;-100.1430816650;
7079.4560546875;-100.1219253540;
7161.4345703125;-100.1270675659;
7244.3579101562;-100.1368103027;
7328.2456054688;-100.1282730103;
7413.1005859375;-100.0884552002;
7498.9418945312;-99.9452896118;
7585.7778320312;-99.7819519043;
7673.6147460938;-99.7333831787;
7762.4731445312;-99.7785491943;
7852.3559570312;-99.8377532959;
7943.2841796875;-99.8218841553;
8035.2607421875;-99.7259216309;
8128.3066406250;-99.6313247681;
8222.4257812500;-99.6089706421;
8317.6396484375;-99.6556930542;
8413.9501953125;-99.7592620850;
8511.3818359375;-99.8870620728;
8609.9365234375;-99.9905471802;
8709.6367187500;-99.9731903076;
8810.4873046875;-99.8706436157;
8912.5107421875;-99.8318176270;
9015.7099609375;-99.9169921875;
9120.1093750000;-99.9960479736;
9225.7128906250;-99.9286422729;
9332.5439453125;-99.8349227905;
9440.6064453125;-99.9793701172;
9549.9267578125;-100.1485748291;
9660.5068359375;-100.1226196289;
9772.3720703125;-99.9606781006;
9885.5283203125;-99.7670440674;
10000.0000000000;-99.6636199951;
10115.7968750000;-99.6073989868;
10232.9355468750;-99.5570297241;
10351.4189453125;-99.5121841431;
10471.2851562500;-99.4794616699;
10592.5400390625;-99.4514160156;
10715.1982421875;-99.4360733032;
10839.2656250000;-99.4253082275;
10964.7812500000;-99.4200668335;
11091.7500000000;-99.4163131714;
11220.1894531250;-99.4104537964;
11350.1035156250;-99.3967285156;
11481.5351562500;-99.3704681396;
11614.4873046875;-99.3362197876;
11748.9804687500;-99.2901306152;
11885.0166015625;-99.2472381592;
12022.6425781250;-99.2097015381;
12161.8613281250;-99.1935577393;
12302.6923828125;-99.1967391968;
12445.1396484375;-99.2109909058;
12589.2509765625;-99.2311477661;
12735.0312500000;-99.2284774780;
12882.4990234375;-99.1987609863;
13031.6611328125;-99.1376266479;
13182.5634765625;-99.0382156372;
13335.2138671875;-98.9334793091;
13489.6328125000;-98.8358993530;
13645.8388671875;-98.7549285889;
13803.8388671875;-98.7015838623;
13963.6826171875;-98.6616287231;
14125.3789062500;-98.6227798462;
14288.9462890625;-98.5776214600;
14454.3925781250;-98.5206375122;
14621.7705078125;-98.4517364502;
14791.0869140625;-98.3828582764;
14962.3632812500;-98.3226776123;
15135.6064453125;-98.2778701782;
15310.8730468750;-98.2530975342;
15488.1679687500;-98.2496948242;
15667.5166015625;-98.2635955811;
15848.9248046875;-98.2805633545;
16032.4511718750;-98.2816009521;
16218.1025390625;-98.2568740845;
16405.9042968750;-98.2050018311;
16595.8613281250;-98.1316680908;
16788.0371093750;-98.0479278564;
16982.4375000000;-97.9678268433;
17179.0898437500;-97.9040069580;
17378.0000000000;-97.8623657227;
17579.2324218750;-97.8391342163;
17782.7949218750;-97.8298034668;
17988.7148437500;-97.8091201782;
18197.0175781250;-97.7643127441;
18407.7148437500;-97.6872940063;
18620.8710937500;-97.5403671265;
18836.4941406250;-97.4145889282;
19054.6171875000;-97.3621520996;
19275.2421875000;-97.3316574097;
19498.4433593750;-97.3160629272;
19724.2304687500;-97.3078155518;
19952.6328125000;-97.3019104004;
20183.6562500000;-97.2956466675;
20417.3769531250;-97.2816772461;
20653.8046875000;-97.2107772827;
20892.9687500000;-97.0950393677;
21134.8808593750;-97.0291213989;
21379.6171875000;-96.9892349243;
21627.1875000000;-96.9547119141;
21877.6230468750;-96.8695220947;
22130.9355468750;-96.7755889893;
22387.2070312500;-96.7303085327;
22646.4433593750;-96.6973571777;
22908.6835937500;-96.6681976318;
23173.9335937500;-96.6745986938;
23442.2812500000;-96.7124710083;
23713.7363281250;-96.7801589966;
23988.3359375000;-96.7662963867;
24266.1132812500;-96.6695861816;
24547.0820312500;-96.4964828491;
24831.3300781250;-96.4018936157;
25118.8691406250;-96.4112701416;
25409.7402343750;-96.4310760498;
25703.9492187500;-96.3751220703;
26001.5937500000;-96.2569198608;
26302.6835937500;-96.1470336914;
26607.2617187500;-96.1065597534;
26915.3378906250;-96.1854400635;
27227.0097656250;-96.3169250488;
27542.2910156250;-96.3485107422;
27861.2226562500;-96.2403564453;
28183.8164062500;-96.0919723511;
28510.1777343750;-96.0051345825;
28840.3183593750;-95.9899444580;
29174.2812500000;-96.0168457031;
29512.0781250000;-96.0220718384;
29853.8203125000;-96.0077819824;
30199.5175781250;-95.9874496460;
30549.2207031250;-95.9697189331;
30902.9375000000;-95.9470596313;
31260.7851562500;-95.9253921509;
31622.7773437500;-95.9082565308;
31988.9589843750;-95.8946075439;
32359.3828125000;-95.8886260986;
32734.0585937500;-95.8851623535;
33113.1093750000;-95.8843917847;
33496.5507812500;-95.8827667236;
33884.4335937500;-95.8807525635;
34276.7656250000;-95.8783645630;
34673.6835937500;-95.8768844604;
35075.1953125000;-95.8787231445;
35481.3554687500;-95.8858947754;
35892.1796875000;-95.8977584839;
36307.8007812500;-95.9250793457;
36728.2343750000;-95.9598541260;
37153.5390625000;-96.0101776123;
37583.7226562500;-96.0630950928;
38018.9335937500;-96.1132812500;
38459.1796875000;-96.1245498657;
38904.5273437500;-96.0823593140;
39354.9882812500;-95.9935684204;
39810.7070312500;-95.8198013306;
40271.7070312500;-95.6510009766;
40738.0390625000;-95.4993286133;
41209.7304687500;-95.4639434814;
41686.9257812500;-95.5469894409;
42169.6484375000;-95.7195281982;
42657.9648437500;-95.9807739258;
43151.9296875000;-96.2391815186;
43651.5703125000;-96.4512786865;
44157.0429687500;-96.6039428711;
44668.3671875000;-96.6830673218;
45185.6171875000;-96.7434692383;
45708.8046875000;-96.8123016357;
46238.0976562500;-96.8977203369;
46773.5234375000;-96.9997329712;
47315.1484375000;-97.0953674316;
47862.9921875000;-97.1763916016;
48417.2304687500;-97.2471008301;
48977.8867187500;-97.3148345947;
49545.0390625000;-97.3892440796;
50118.7031250000;-97.4817123413;
50699.0625000000;-97.5959625244;
51286.1445312500;-97.7235565186;
51880.0234375000;-97.8483734131;
52480.7187500000;-97.9525604248;
53088.4335937500;-98.0271759033;
53703.1835937500;-98.0815277100;
54325.0507812500;-98.1413726807;
54954.0585937500;-98.2288818359;
55590.4101562500;-98.3382034302;
56234.1328125000;-98.4373321533;
56885.3085937500;-98.5105590820;
57544.0234375000;-98.5690917969;
58210.3046875000;-98.6300430298;
58884.3632812500;-98.7007904053;
59566.2265625000;-98.7966537476;
60255.9882812500;-98.8886566162;
60953.6679687500;-98.9783554077;
61659.4960937500;-99.0555572510;
62373.4960937500;-99.1287536621;
63095.7617187500;-99.2194137573;
63826.3242187500;-99.3361816406;
64565.4140625000;-99.4630737305;
65313.0625000000;-99.5766830444;
66069.3671875000;-99.6703567505;
66834.3593750000;-99.7902221680;
67608.2890625000;-99.8869400024;
68391.1718750000;-99.9348373413;
69183.1250000000;-99.9982452393;
69984.1640625000;-100.1061096191;
70794.5625000000;-100.2597579956;
71614.3437500000;-100.4942703247;
72443.6171875000;-100.6491012573;
73282.4140625000;-100.6998596191;
74131.0078125000;-100.7585067749;
74989.4218750000;-100.9499816895;
75857.7812500000;-101.2126083374;
76736.1875000000;-101.3440017700;
77624.6875000000;-101.4362869263;
78523.5625000000;-101.5349273682;
79432.8437500000;-101.6196899414;
80352.6484375000;-101.5387191772;
81283.0234375000;-101.1430892944;
82224.2578125000;-100.8595428467;
83176.3906250000;-100.8685379028;
84139.5546875000;-101.3002395630;
85113.7734375000;-101.7950973511;
86099.3671875000;-102.1322402954;
87096.3671875000;-102.3055419922;
88104.9218750000;-102.3887405396;
89125.0546875000;-102.4392242432;
90157.1015625000;-102.5313949585;
91201.0937500000;-102.6857223511;
92257.1718750000;-102.8497543335;
93325.3828125000;-103.0229492188;
94406.0703125000;-103.2264709473;
95499.2656250000;-103.2592773438;
96605.1171875000;-103.2265701294;
97723.6718750000;-103.2398986816;
98855.2812500000;-103.2783355713;
100000.0000000000;-103.5954742432;
101157.9687500000;-103.6612472534;
102329.3515625000;-103.7253036499;
103514.1875000000;-103.7877349854;
104712.8515625000;-103.8511047363;
105925.3984375000;-103.9155807495;
107151.9843750000;-103.9872055054;
108392.6562500000;-104.0649490356;
109647.8125000000;-104.1500778198;
110917.5000000000;-104.2459182739;
112201.8984375000;-104.3449401855;
113501.0390625000;-104.4471130371;
114815.3437500000;-104.5427322388;
116144.8750000000;-104.6325531006;
117489.8046875000;-104.7055664062;
118850.1718750000;-104.7697677612;
120226.4218750000;-104.8295288086;
121618.6093750000;-104.8949203491;
123026.9218750000;-104.9801712036;
124451.3984375000;-105.0839691162;
125892.5156250000;-105.2163162231;
127350.3125000000;-105.3707275391;
128824.9921875000;-105.5319519043;
130316.6093750000;-105.6950149536;
131825.6406250000;-105.8447265625;
133352.1406250000;-105.9749603271;
134896.3281250000;-106.0853500366;
136458.3906250000;-106.1744918823;
138038.3906250000;-106.2391967773;
139636.8281250000;-106.2911224365;
141253.7812500000;-106.3387985229;
142889.4687500000;-106.3887023926;
144543.9218750000;-106.4478149414;
146217.7031250000;-106.5277862549;
147910.8593750000;-106.6301956177;
149623.6250000000;-106.7499618530;
151356.0625000000;-106.8764190674;
153108.7187500000;-106.9883804321;
154881.6875000000;-107.0494766235;
156675.1718750000;-107.0035095215;
158489.2500000000;-106.7683715820;
160324.5156250000;-106.3965377808;
162181.0312500000;-106.0230331421;
164059.0312500000;-105.8040847778;
165958.6093750000;-105.8469314575;
167880.3593750000;-106.1618423462;
169824.3750000000;-106.6499938965;
171790.8906250000;-107.1464157104;
173779.9843750000;-107.5163421631;
175792.3125000000;-107.7313385010;
177827.9375000000;-107.8131561279;
179887.1406250000;-107.8850097656;
181970.1875000000;-107.9218139648;
184077.1406250000;-107.9388885498;
186208.7031250000;-107.9784469604;
188364.9531250000;-108.0632858276;
190546.1562500000;-108.1444625854;
192752.4218750000;-108.2322235107;
194984.4375000000;-108.3076553345;
197242.3125000000;-108.3391036987;
199526.3125000000;-108.3006515503;
201836.5625000000;-108.2014389038;
204173.7656250000;-108.0934524536;
206538.0468750000;-108.0685119629;
208929.7031250000;-108.2269210815;
211348.8125000000;-108.3891754150;
213796.1718750000;-108.5264129639;
216271.8750000000;-108.6235122681;
218776.2343750000;-108.6990814209;
221309.3593750000;-108.6693725586;
223872.0625000000;-108.5690383911;
226464.4375000000;-108.4562225342;
229086.8281250000;-108.3885269165;
231739.3437500000;-108.4565734863;
234422.8125000000;-108.5496215820;
237137.3750000000;-108.6328811646;
239883.3593750000;-108.6078643799;
242661.1406250000;-108.5345687866;
245470.8125000000;-108.4172515869;
248313.2968750000;-108.3604125977;
251188.7031250000;-108.3943481445;
254097.3906250000;-108.4402999878;
257039.4843750000;-108.4746322632;
260015.9375000000;-108.5167083740;
263026.8437500000;-108.5395812988;
266072.6250000000;-108.5262832642;
269153.3750000000;-108.5021286011;
272270.0937500000;-108.4949264526;
275422.9062500000;-108.4779052734;
278612.2187500000;-108.4180526733;
281838.1562500000;-108.2953567505;
285101.7812500000;-108.1315536499;
288403.1875000000;-107.9687805176;
291742.8125000000;-107.8625259399;
295120.7812500000;-107.8677139282;
298538.1875000000;-107.8575973511;
301995.1875000000;-107.5075073242;
305492.2187500000;-107.3796691895;
309029.3750000000;-107.2494049072;
312607.8437500000;-107.1136627197;
316227.7812500000;-106.9686126709;
319889.5937500000;-106.7996597290;
323593.8125000000;-106.6182250977;
327340.5937500000;-106.3895950317;
331131.0937500000;-106.1421890259;
334965.5000000000;-105.8672485352;
338844.3125000000;-105.5621414185;
342767.6562500000;-105.2406539917;
346736.8125000000;-104.8903961182;
350751.9375000000;-104.5035018921;
354813.5312500000;-104.0891189575;
358921.7812500000;-103.6244583130;
363078.0000000000;-103.1158065796;
367282.3437500000;-102.5732040405;
371535.3750000000;-101.9826431274;
375837.2500000000;-101.3112564087;
380189.3437500000;-100.5562744141;
384591.8125000000;-99.7022705078;
389045.2812500000;-98.6626358032;
393549.8750000000;-97.5489349365;
398107.0937500000;-96.4062271118;
402717.0625000000;-95.2899475098;
407380.4062500000;-94.3601379395;
412097.3125000000;-93.6373367310;
416869.2812500000;-93.1555480957;
421696.5000000000;-92.9476928711;
426579.6250000000;-93.0960083008;
431519.3125000000;-93.5958099365;
436515.6875000000;-94.3909912109;
441570.4375000000;-95.4571075439;
446683.6875000000;-96.7507781982;
451856.1562500000;-98.2052536011;
457088.0312500000;-99.7158889771;
462380.9687500000;-101.1541900635;
467735.2187500000;-102.4572906494;
473151.4687500000;-103.6056900024;
478629.9062500000;-104.6193542480;
484172.3125000000;-105.5437850952;
489778.8750000000;-106.4259872437;
495450.3750000000;-107.2942352295;
501187.0000000000;-108.1525039673;
506990.6250000000;-108.9899597168;
512861.4375000000;-109.7940139771;
518800.2187500000;-110.5555343628;
524807.1875000000;-111.2591476440;
530884.3125000000;-111.8980255127;
537031.8125000000;-112.4351119995;
543250.5000000000;-112.9094772339;
549540.5625000000;-113.3625335693;
555904.1250000000;-113.8190841675;
562341.3125000000;-114.2803497314;
568853.0625000000;-114.7399063110;
575440.2500000000;-115.1979370117;
582103.0625000000;-115.6576919556;
588843.6250000000;-116.3196716309;
595662.2500000000;-116.9122161865;
602559.8750000000;-117.2308425903;
609536.6875000000;-117.5212402344;
616594.9375000000;-117.8281860352;
623734.9375000000;-118.1829833984;
630957.6250000000;-118.5793533325;
638263.2500000000;-119.1570281982;
645654.1250000000;-119.6686172485;
653130.6250000000;-119.9718856812;
660693.6875000000;-120.2622833252;
668343.6250000000;-120.6544494629;
676082.8750000000;-121.0110015869;
683911.6875000000;-121.2372741699;
691831.1875000000;-121.5661773682;
699841.6875000000;-121.9006576538;
707945.6250000000;-122.1432952881;
716143.4375000000;-122.5031127930;
724436.1875000000;-122.7001190186;
732824.1250000000;-122.5288085938;
741310.0625000000;-121.8005294800;
749894.1875000000;-121.2226028442;
758577.7500000000;-121.5817489624;
767361.8750000000;-122.6786880493;
776246.8750000000;-123.4977340698;
785235.6250000000;-124.2488632202;
794328.4375000000;-124.6184234619;
803526.5000000000;-124.8652038574;
812830.2500000000;-125.1276473999;
822242.5625000000;-125.3734893799;
831763.9375000000;-125.5991821289;
841395.5000000000;-125.7252655029;
851137.6875000000;-125.9019622803;
860993.6250000000;-126.1299133301;
870963.6875000000;-126.3846511841;
881049.2500000000;-126.7258834839;
891250.5625000000;-126.9653778076;
901571.0000000000;-127.2055206299;
912010.9375000000;-127.5163269043;
922571.7500000000;-127.6934967041;
933253.8750000000;-127.7909317017;
944060.6875000000;-127.9691619873;
954992.6250000000;-128.2711181641;
966051.1875000000;-128.5220184326;
977236.6875000000;-128.6748657227;
988552.8125000000;-128.7462158203;
1000000.0000000000;-128.7876739502;
