Window;1;Noise Spectrum;
Trace;1;
1.0000000000;-83.9142532349;
1.0115795135;-83.8793945312;
1.0232930183;-83.8758392334;
1.0351421833;-83.9018554688;
1.0471285582;-83.9278717041;
1.0592536926;-83.9538879395;
1.0715192556;-83.9799041748;
1.0839269161;-84.0095520020;
1.0964782238;-84.0501556396;
1.1091748476;-84.0907592773;
1.1220184565;-84.1313705444;
1.1350108385;-84.1719741821;
1.1481536627;-84.2039031982;
1.1614485979;-84.2139282227;
1.1748975515;-84.2239532471;
1.1885021925;-84.2339706421;
1.2022644281;-84.2439956665;
1.2161860466;-84.2676010132;
1.2302688360;-84.3007278442;
1.2445145845;-84.3338623047;
1.2589254379;-84.3669967651;
1.2735030651;-84.4192504883;
1.2882494926;-84.5970001221;
1.3031667471;-84.7747497559;
1.3182567358;-84.9524993896;
1.3335214853;-85.1302490234;
1.3489629030;-85.4943084717;
1.3645831347;-85.8803634644;
1.3803843260;-86.2664260864;
1.3963683844;-86.6524810791;
1.4125375748;-87.0447540283;
1.4288939238;-87.4380950928;
1.4454398155;-87.8314361572;
1.4621771574;-88.2247772217;
1.4791084528;-88.1393585205;
1.4962356091;-88.0503997803;
1.5135612488;-87.9614486694;
1.5310875177;-87.7887573242;
1.5488165617;-87.4169235229;
1.5667510033;-87.0450820923;
1.5848932266;-86.6732406616;
1.6032453775;-86.4556274414;
1.6218100786;-86.2893600464;
1.6405898333;-86.1230850220;
1.6595869064;-86.0823822021;
1.6788040400;-86.2815933228;
1.6982436180;-86.4808044434;
1.7179083824;-86.7060165405;
1.7378008366;-87.3022460938;
1.7579236031;-87.8984756470;
1.7782794237;-88.4947052002;
1.7988709211;-89.4223556519;
1.8197008371;-90.3841323853;
1.8407719135;-91.3459014893;
1.8620871305;-92.3662109375;
1.8836491108;-93.3961639404;
1.9054607153;-94.4261093140;
1.9275249243;-94.7600326538;
1.9498445988;-95.0284576416;
1.9724227190;-95.2483825684;
1.9952623844;-94.7809677124;
2.0183663368;-94.3135452271;
2.0417380333;-93.8514938354;
2.0653800964;-93.4014968872;
2.0892961025;-92.9514923096;
2.1134889126;-92.6624374390;
2.1379621029;-92.4657287598;
2.1627185345;-92.2807998657;
2.1877615452;-92.3616485596;
2.2130947113;-92.4424972534;
2.2387211323;-92.6798553467;
2.2646441460;-93.0590362549;
2.2908678055;-93.4598999023;
2.3173947334;-94.1179351807;
2.3442287445;-94.7759704590;
2.3713736534;-95.3294525146;
2.3988327980;-95.8376846313;
2.4266099930;-95.9772262573;
2.4547088146;-95.5190734863;
2.4831330776;-94.9978408813;
2.5118863583;-94.0362930298;
2.5409727097;-93.0747528076;
2.5703957081;-92.3437652588;
2.6001594067;-91.6311340332;
2.6302678585;-91.2594985962;
2.6607251167;-90.9832153320;
2.6915347576;-91.0274200439;
2.7227013111;-91.2167053223;
2.7542285919;-91.7141647339;
2.7861211300;-92.3815841675;
2.8183827400;-93.2732849121;
2.8510184288;-94.2869796753;
2.8840315342;-95.0226516724;
2.9174270630;-95.6367416382;
2.9512093067;-95.3584594727;
2.9853825569;-94.8381881714;
3.0199515820;-94.0419616699;
3.0549211502;-93.2534255981;
3.0902955532;-92.7896041870;
3.1260793209;-92.4349365234;
3.1622776985;-92.3361282349;
3.1988949776;-92.2789688110;
3.2359364033;-92.2566909790;
3.2734067440;-92.0262527466;
3.3113110065;-91.7188186646;
3.3496541977;-91.2069854736;
3.3884413242;-90.7223892212;
3.4276781082;-90.2669296265;
3.4673686028;-90.0503845215;
3.5075187683;-89.9631576538;
3.5481340885;-90.1254119873;
3.5892193317;-90.4738693237;
3.6307804585;-90.9169540405;
3.6728229523;-91.4372329712;
3.7153522968;-91.9154129028;
3.7583739758;-92.3610687256;
3.8018937111;-92.7565460205;
3.8459177017;-93.2128601074;
3.8904511929;-93.7552261353;
3.9355010986;-94.4605178833;
3.9810719490;-95.3439483643;
4.0271706581;-96.2361221313;
4.0738029480;-97.0720291138;
4.1209754944;-97.6146774292;
4.1686940193;-97.9406127930;
4.2169651985;-98.1471710205;
4.2657952309;-98.2663192749;
4.3151907921;-98.2292098999;
4.3651580811;-97.8893280029;
4.4157042503;-97.3659133911;
4.4668354988;-96.8235855103;
4.5185589790;-96.4870452881;
4.5708823204;-96.6192092896;
4.6238102913;-96.8698730469;
4.6773514748;-96.4606857300;
4.7315125465;-95.2204589844;
4.7863011360;-93.5119781494;
4.8417239189;-92.0360641479;
4.8977880478;-91.1876296997;
4.9545016289;-91.1307144165;
5.0118722916;-91.8223800659;
5.0699067116;-93.1413879395;
5.1286134720;-94.6302871704;
5.1880002022;-95.2955398560;
5.2480750084;-94.7588348389;
5.3088445663;-93.7120208740;
5.3703184128;-92.9570083618;
5.4325037003;-92.6746902466;
5.4954090118;-92.6809387207;
5.5590424538;-92.7290649414;
5.6234130859;-92.8162460327;
5.6885290146;-92.9540328979;
5.7543992996;-93.2633132935;
5.8210320473;-93.3888397217;
5.8884363174;-93.3726043701;
5.9566211700;-93.5044250488;
6.0255956650;-93.7928771973;
6.0953693390;-93.9517898560;
6.1659502983;-93.6609039307;
6.2373485565;-92.9253158569;
6.3095736504;-91.9154891968;
6.3826351166;-90.7777709961;
6.4565424919;-89.4660644531;
6.5313053131;-89.2632217407;
6.6069345474;-90.0349121094;
6.6834387779;-91.3539581299;
6.7608294487;-92.7219772339;
6.8391160965;-93.0656509399;
6.9183092117;-92.2256011963;
6.9984202385;-91.9108200073;
7.0794582367;-91.8543014526;
7.1614346504;-91.7442779541;
7.2443599701;-91.5794448853;
7.3282456398;-91.4910278320;
7.4131026268;-91.2753753662;
7.4989418983;-91.1605682373;
7.5857758522;-91.4405364990;
7.6736145020;-92.2220840454;
7.7624707222;-93.3433456421;
7.8523559570;-95.7808837891;
7.9432821274;-97.4423751831;
8.0352611542;-96.7137145996;
8.1283054352;-96.1329574585;
8.2224273682;-96.0118255615;
8.3176383972;-95.9288940430;
8.4139518738;-96.2867889404;
8.5113801956;-96.6730575562;
8.6099376678;-95.8597793579;
8.7096357346;-94.8875198364;
8.8104887009;-94.3117523193;
8.9125089645;-93.8063964844;
9.0157108307;-93.2962570190;
9.1201076508;-93.0282211304;
9.2257137299;-93.7857818604;
9.3325433731;-94.6746673584;
9.4406089783;-93.6282272339;
9.5499258041;-93.9780731201;
9.6605091095;-96.0917739868;
9.7723722458;-97.1523666382;
9.8855314255;-94.0608901978;
10.0000000000;-93.3645935059;
10.1157941818;-93.8179550171;
10.2329292297;-94.3565597534;
10.3514213562;-94.9505310059;
10.4712848663;-95.5540008545;
10.5925369263;-96.1039199829;
10.7151927948;-96.5235443115;
10.8392686844;-96.7358551025;
10.9647808075;-96.6907806396;
11.0917472839;-96.4991683960;
11.2201833725;-96.0600357056;
11.3501071930;-95.5515899658;
11.4815349579;-95.0890197754;
11.6144876480;-94.7501983643;
11.7489767075;-94.5675964355;
11.8850231171;-94.5701675415;
12.0226459503;-94.7340164185;
12.1618614197;-94.8550643921;
12.3026885986;-94.9301223755;
12.4451465607;-94.9452362061;
12.5892543793;-94.9117126465;
12.7350311279;-94.8580093384;
12.8824958801;-94.8207778931;
13.0316677094;-94.8859252930;
13.1825675964;-95.1314086914;
13.3352146149;-95.4190979004;
13.4896287918;-95.7723846436;
13.6458311081;-96.1490936279;
13.8038425446;-96.6393814087;
13.9636831284;-96.9465637207;
14.1253747940;-96.9384689331;
14.2889385223;-96.4548187256;
14.4543962479;-95.5612258911;
14.6217708588;-94.8498687744;
14.7910823822;-94.2228012085;
14.9623546600;-93.6888351440;
15.1356105804;-93.6894226074;
15.3108730316;-94.3743591309;
15.4881677628;-95.5484237671;
15.6675128937;-96.4986953735;
15.8489332199;-97.7743301392;
16.0324554443;-98.6556854248;
16.2181015015;-98.9745025635;
16.4058990479;-99.0601577759;
16.5958709717;-98.9821929932;
16.7880401611;-98.7711181641;
16.9824371338;-98.4259948730;
17.1790847778;-98.0616607666;
17.3780078888;-97.7403259277;
17.5792369843;-97.3734207153;
17.7827949524;-97.1235046387;
17.9887084961;-96.9124832153;
18.1970081329;-96.7552795410;
18.4077186584;-96.6451568604;
18.6208705902;-96.4585647583;
18.8364906311;-96.2542266846;
19.0546054840;-96.0815353394;
19.2752475739;-96.1112747192;
19.4984436035;-96.4586639404;
19.7242259979;-96.7536544800;
19.9526214600;-96.7753753662;
20.1836605072;-96.7249984741;
20.4173774719;-96.7787170410;
20.6538047791;-96.8927459717;
20.8929634094;-96.8989181519;
21.1348934174;-97.0155715942;
21.3796234131;-97.5545043945;
21.6271877289;-98.3502807617;
21.8776187897;-98.6993865967;
22.1309490204;-98.2786254883;
22.3872127533;-97.7080459595;
22.6464443207;-97.6288833618;
22.9086780548;-98.2250366211;
23.1739463806;-99.1820983887;
23.4422893524;-99.6368255615;
23.7137374878;-98.9308395386;
23.9883289337;-97.6651611328;
24.2660999298;-96.7861251831;
24.5470886230;-96.8594131470;
24.8313293457;-97.8041839600;
25.1188621521;-98.4236145020;
25.4097251892;-98.4051132202;
25.7039566040;-97.7258605957;
26.0015926361;-96.9090423584;
26.3026771545;-96.6499099731;
26.6072483063;-97.1536178589;
26.9153442383;-97.7631988525;
27.2270088196;-97.8159027100;
27.5422897339;-97.2146759033;
27.8612155914;-97.0345382690;
28.1838321686;-97.7360000610;
28.5101852417;-98.7900695801;
28.8403167725;-99.3512268066;
29.1742725372;-99.5479812622;
29.5120944977;-99.9196472168;
29.8538284302;-99.8084945679;
30.1995182037;-99.0349121094;
30.5492115021;-99.0379714966;
30.9029541016;-99.0315017700;
31.2607936859;-99.0355758667;
31.6227760315;-99.0506973267;
31.9889507294;-99.0830001831;
32.3593635559;-99.1250839233;
32.7340698242;-99.1643447876;
33.1131095886;-99.1939239502;
33.4965438843;-99.1929702759;
33.8844146729;-99.1390838623;
34.2767753601;-99.0288848877;
34.6736831665;-98.8587265015;
35.0751838684;-98.6282501221;
35.4813346863;-98.3745346069;
35.8921890259;-98.1557159424;
36.3078002930;-98.0082626343;
36.7282333374;-97.9647521973;
37.1535263062;-98.0496520996;
37.5837440491;-98.2918014526;
38.0189437866;-98.6556091309;
38.4591827393;-99.0937881470;
38.9045181274;-99.5563812256;
39.3550109863;-99.9891204834;
39.8107185364;-100.3423385620;
40.2717056274;-100.5778579712;
40.7380294800;-100.6688537598;
41.2097511292;-100.5979919434;
41.6869392395;-100.3658676147;
42.1696510315;-100.0304412842;
42.6579513550;-99.6687011719;
43.1519050598;-99.3435592651;
43.6515808105;-99.0858840942;
44.1570434570;-98.8914794922;
44.6683578491;-98.7079620361;
45.1855926514;-98.5695190430;
45.7088165283;-98.4495086670;
46.2380981445;-98.3851928711;
46.7735099792;-98.4233779907;
47.3151206970;-98.5921630859;
47.8630027771;-98.8792037964;
48.4172286987;-99.2238616943;
48.9778900146;-99.5294494629;
49.5450248718;-99.6991882324;
50.1187286377;-99.5814208984;
50.6990776062;-99.1817016602;
51.2861442566;-98.8688735962;
51.8800086975;-98.6409378052;
52.4807510376;-98.5519714355;
53.0884475708;-98.5893783569;
53.7031822205;-98.6989974976;
54.3250350952;-98.6817474365;
54.9540901184;-98.5914764404;
55.5904273987;-98.5105895996;
56.2341308594;-98.4845046997;
56.8852920532;-98.5623626709;
57.5439910889;-98.6785354614;
58.2103195190;-98.8733367920;
58.8843612671;-98.9396362305;
59.5662117004;-98.8407516479;
60.2559547424;-98.6491317749;
60.9536857605;-98.6198654175;
61.6594963074;-98.7437973022;
62.3734779358;-98.9614791870;
63.0957260132;-98.9736099243;
63.8263397217;-98.5878448486;
64.5654144287;-98.0719070435;
65.3130645752;-97.7304687500;
66.0693511963;-97.6786804199;
66.8343963623;-97.9087677002;
67.6083068848;-98.1840286255;
68.3911743164;-98.3567733765;
69.1831054688;-98.4719924927;
69.9842071533;-98.5440673828;
70.7945785522;-98.5239639282;
71.6143417358;-98.3608474731;
72.4435958862;-98.1749038696;
73.2824554443;-98.3063812256;
74.1310272217;-98.8456039429;
74.9894180298;-99.7057800293;
75.8577575684;-100.0149612427;
76.7361450195;-99.8805160522;
77.6247100830;-99.4901580811;
78.5235595703;-98.6369400024;
79.4328155518;-97.7220993042;
80.3526077271;-97.2630310059;
81.2830429077;-97.1150894165;
82.2242584229;-97.2105636597;
83.1763687134;-97.5216522217;
84.1395034790;-97.9860153198;
85.1137924194;-98.2253875732;
86.0993652344;-98.1111221313;
87.0963668823;-97.9968414307;
88.1048965454;-97.6664657593;
89.1251068115;-96.9869613647;
90.1571197510;-96.4979705811;
91.2010955811;-96.2875442505;
92.2571487427;-96.0435485840;
93.3254394531;-95.9294281006;
94.4060897827;-95.9494094849;
95.4992599487;-95.8286056519;
96.6050872803;-95.5894927979;
97.7237243652;-95.5512542725;
98.8553085327;-95.7832641602;
100.0000000000;-95.1221694946;
101.1579742432;-94.9727172852;
102.3292999268;-94.8453750610;
103.5142440796;-94.7389144897;
104.7128524780;-94.6565475464;
105.9253921509;-94.5785140991;
107.1519241333;-94.4846801758;
108.3927154541;-94.3669586182;
109.6478118896;-94.2204208374;
110.9175033569;-94.0476608276;
112.2018356323;-93.8767471313;
113.5010986328;-93.7292327881;
114.8153457642;-93.6397094727;
116.1448745728;-93.5923767090;
117.4897384644;-93.6342391968;
118.8502349854;-93.7194061279;
120.2264251709;-93.8311691284;
121.6186141968;-93.9451217651;
123.0268554688;-94.0297698975;
124.4514694214;-94.0971450806;
125.8925170898;-94.1540374756;
127.3503112793;-94.2676086426;
128.8249206543;-94.4479904175;
130.3166809082;-94.7067489624;
131.8256378174;-95.0698165894;
133.3521423340;-95.4709014893;
134.8963165283;-95.8892288208;
136.4583129883;-96.3125152588;
138.0384674072;-96.7422409058;
139.6368255615;-97.1857070923;
141.2537841797;-97.6268997192;
142.8893890381;-98.0397491455;
144.5440063477;-98.3862380981;
146.2176971436;-98.5925750732;
147.9108581543;-98.6786041260;
149.6235504150;-98.7054977417;
151.3561553955;-98.7306442261;
153.1087188721;-98.8029174805;
154.8816833496;-98.9472961426;
156.6750793457;-99.1577453613;
158.4893341064;-99.3990707397;
160.3245086670;-99.6170959473;
162.1810302734;-99.7910766602;
164.0589447021;-99.9485244751;
165.9586944580;-100.1562652588;
167.8803710938;-100.4796600342;
169.8243713379;-100.9378890991;
171.7908020020;-101.4852218628;
173.7800903320;-102.0323562622;
175.7923126221;-102.4937896729;
177.8279418945;-102.7245330811;
179.8871459961;-102.9771041870;
181.9700775146;-103.1177902222;
184.0772399902;-103.1743316650;
186.2087097168;-103.2079467773;
188.3649444580;-103.3633499146;
190.5460662842;-103.6181488037;
192.7525329590;-103.9597854614;
194.9844360352;-104.3351974487;
197.2423095703;-104.7152252197;
199.5262145996;-105.1025619507;
201.8366699219;-105.5019607544;
204.1737670898;-105.8877487183;
206.5380401611;-106.2835998535;
208.9295806885;-106.3644027710;
211.3489227295;-106.1900100708;
213.7961730957;-105.8860092163;
216.2718658447;-105.5139923096;
218.7761230469;-105.0134811401;
221.3094787598;-104.7913589478;
223.8720703125;-104.9315567017;
226.4644470215;-105.2713623047;
229.0867156982;-105.8563003540;
231.7394714355;-106.2601013184;
234.4228210449;-106.4376983643;
237.1373748779;-106.7696762085;
239.8833618164;-107.1859588623;
242.6610107422;-107.4761199951;
245.4709472656;-107.8273010254;
248.3132934570;-108.0179138184;
251.1887054443;-108.0786514282;
254.0972595215;-108.1149749756;
257.0396423340;-107.9846649170;
260.0159301758;-107.7231521606;
263.0268554688;-107.4815902710;
266.0724792480;-107.2892837524;
269.1535339355;-107.2012939453;
272.2700805664;-107.2264099121;
275.4229125977;-107.3007888794;
278.6120605469;-107.4376525879;
281.8383178711;-107.7767639160;
285.1017761230;-108.2426300049;
288.4031677246;-108.5676803589;
291.7426452637;-108.4516601562;
295.1209411621;-108.2118301392;
298.5382080078;-108.2967987061;
301.9951782227;-108.5325927734;
305.4920349121;-108.6216735840;
309.0295410156;-108.7205123901;
312.6078491211;-108.8244018555;
316.2277526855;-108.9512252808;
319.8895874023;-109.0845108032;
323.5936584473;-109.2319641113;
327.3407592773;-109.3775100708;
331.1311035156;-109.5210037231;
334.9655151367;-109.6468048096;
338.8441467285;-109.7647705078;
342.7678527832;-109.8564987183;
346.7368164062;-109.9437866211;
350.7519226074;-110.0213851929;
354.8133544922;-110.1019058228;
358.9219970703;-110.1850051880;
363.0780029297;-110.2741546631;
367.2823486328;-110.3599853516;
371.5351867676;-110.4335479736;
375.8374328613;-110.4806823730;
380.1893310547;-110.5122299194;
384.5918273926;-110.5249328613;
389.0450744629;-110.5538177490;
393.5501098633;-110.5974349976;
398.1070861816;-110.6794891357;
402.7170410156;-110.7556610107;
407.3801879883;-110.8204727173;
412.0975341797;-110.8258895874;
416.8692626953;-110.7736663818;
421.6965026855;-110.6676483154;
426.5796203613;-110.4883956909;
431.5190734863;-110.2397994995;
436.5159301758;-109.9971771240;
441.5704345703;-109.7997589111;
446.6836853027;-109.7616729736;
451.8559265137;-109.9180603027;
457.0882873535;-110.1785736084;
462.3809814453;-110.4864578247;
467.7352294922;-110.7581176758;
473.1512145996;-110.9527740479;
478.6301574707;-111.1474227905;
484.1723022461;-111.3613891602;
489.7788696289;-111.5924911499;
495.4501037598;-111.8138198853;
501.1872863770;-111.9945068359;
506.9906311035;-112.1514892578;
512.8614501953;-112.2957534790;
518.7999267578;-112.4171447754;
524.8074951172;-112.5062561035;
530.8843383789;-112.5701446533;
537.0317993164;-112.6351242065;
543.2501831055;-112.7226638794;
549.5408935547;-112.8247909546;
555.9041137695;-112.9180831909;
562.3413085938;-112.9910812378;
568.8530883789;-113.0438613892;
575.4399414062;-113.0901184082;
582.1033325195;-113.1635360718;
588.8436279297;-113.2791213989;
595.6622924805;-113.4015579224;
602.5595703125;-113.3948135376;
609.5369873047;-113.2813415527;
616.5949707031;-113.1343154907;
623.7349243164;-113.0070190430;
630.9572753906;-112.9236068726;
638.2636108398;-112.9198455811;
645.6541137695;-113.0300598145;
653.1306152344;-113.2375640869;
660.6933593750;-113.4704513550;
668.3439941406;-113.7227706909;
676.0828857422;-113.8658065796;
683.9116821289;-113.9186401367;
691.8308105469;-113.9681167603;
699.8420410156;-114.0201187134;
707.9456176758;-114.0542068481;
716.1434326172;-114.0667495728;
724.4357910156;-114.1350860596;
732.8245239258;-114.2535171509;
741.3100585938;-114.3804626465;
749.8942260742;-114.4485397339;
758.5777587891;-114.3604812622;
767.3614501953;-114.2384719849;
776.2473144531;-114.1220016479;
785.2355957031;-114.2188796997;
794.3284301758;-114.4256820679;
803.5260620117;-114.7089996338;
812.8306884766;-114.8078384399;
822.2425537109;-114.7316436768;
831.7639160156;-114.4850082397;
841.3950195312;-114.2675247192;
851.1381835938;-114.2601394653;
860.9936523438;-114.4798126221;
870.9636840820;-114.8528518677;
881.0487670898;-115.0596008301;
891.2510375977;-114.9851455688;
901.5709838867;-114.8437347412;
912.0109252930;-114.7236022949;
922.5712280273;-114.7128295898;
933.2543334961;-114.8624725342;
944.0606689453;-115.0116271973;
954.9926147461;-114.9124679565;
966.0506591797;-114.7614517212;
977.2372436523;-114.7683486938;
988.5528564453;-114.8740921021;
1000.0000000000;-115.1602554321;
1011.5797119141;-115.2500762939;
1023.2929687500;-115.3368530273;
1035.1424560547;-115.4207534790;
1047.1285400391;-115.4788055420;
1059.2539062500;-115.5258102417;
1071.5192871094;-115.5366592407;
1083.9271240234;-115.5358963013;
1096.4781494141;-115.5211257935;
1109.1750488281;-115.5056686401;
1122.0183105469;-115.4942245483;
1135.0109863281;-115.4962768555;
1148.1534423828;-115.5136642456;
1161.4487304688;-115.5411071777;
1174.8973388672;-115.5850601196;
1188.5023193359;-115.6378021240;
1202.2642822266;-115.6973190308;
1216.1861572266;-115.7658691406;
1230.2685546875;-115.8378601074;
1244.5146484375;-115.9107894897;
1258.9251708984;-115.9815521240;
1273.5031738281;-116.0447616577;
1288.2492675781;-116.1015930176;
1303.1667480469;-116.1514282227;
1318.2563476562;-116.1900558472;
1333.5214843750;-116.2170104980;
1348.9632568359;-116.2328338623;
1364.5831298828;-116.2381134033;
1380.3846435547;-116.2389755249;
1396.3682861328;-116.2513275146;
1412.5378417969;-116.2784347534;
1428.8939208984;-116.3187561035;
1445.4400634766;-116.3656387329;
1462.1770019531;-116.4020538330;
1479.1086425781;-116.4197387695;
1496.2354736328;-116.4239807129;
1513.5615234375;-116.4231262207;
1531.0872802734;-116.4263305664;
1548.8167724609;-116.4397735596;
1566.7508544922;-116.4630584717;
1584.8933105469;-116.4896240234;
1603.2451171875;-116.5141220093;
1621.8101806641;-116.5371398926;
1640.5894775391;-116.5587921143;
1659.5870361328;-116.5735549927;
1678.8035888672;-116.5717086792;
1698.2437744141;-116.5494308472;
1717.9079589844;-116.5185012817;
1737.8009033203;-116.5025329590;
1757.9230957031;-116.5184249878;
1778.2794189453;-116.5402603149;
1798.8713378906;-116.5894393921;
1819.7008056641;-116.6233215332;
1840.7724609375;-116.6366806030;
1862.0870361328;-116.6751251221;
1883.6495361328;-116.7862167358;
1905.4605712891;-116.8997650146;
1927.5252685547;-117.0084075928;
1949.8444824219;-117.0877151489;
1972.4230957031;-117.1322021484;
1995.2620849609;-117.1502075195;
2018.3666992188;-117.1510086060;
2041.7376708984;-117.1398849487;
2065.3803710938;-117.1099929810;
2089.2958984375;-117.0827407837;
2113.4892578125;-117.0860214233;
2137.9616699219;-117.1257705688;
2162.7187500000;-117.2074050903;
2187.7612304688;-117.3553314209;
2213.0949707031;-117.4248046875;
2238.7207031250;-117.3762207031;
2264.6442871094;-117.2815475464;
2290.8671875000;-117.1597976685;
2317.3947753906;-117.1151123047;
2344.2282714844;-117.1310424805;
2371.3737792969;-117.1841125488;
2398.8334960938;-117.2332458496;
2426.6101074219;-117.2469558716;
2454.7094726562;-117.2582626343;
2483.1330566406;-117.3277893066;
2511.8869628906;-117.5143585205;
2540.9726562500;-117.6978988647;
2570.3962402344;-117.7295379639;
2600.1594238281;-117.6671752930;
2630.2685546875;-117.5938873291;
2660.7248535156;-117.5371704102;
2691.5351562500;-117.5187835693;
2722.7009277344;-117.5457916260;
2754.2290039062;-117.5930786133;
2786.1208496094;-117.6409072876;
2818.3833007812;-117.7251281738;
2851.0178222656;-117.8259582520;
2884.0317382812;-117.8955764771;
2917.4265136719;-117.9666824341;
2951.2094726562;-117.9847946167;
2985.3820800781;-117.9014816284;
3019.9519042969;-117.8409881592;
3054.9204101562;-117.8227539062;
3090.2954101562;-117.8072052002;
3126.0786132812;-117.7951049805;
3162.2775878906;-117.7986221313;
3198.8959960938;-117.8080215454;
3235.9365234375;-117.8303451538;
3273.4077148438;-117.8548812866;
3311.3110351562;-117.8817672729;
3349.6550292969;-117.8991851807;
3388.4414062500;-117.9124069214;
3427.6784667969;-117.9083023071;
3467.3681640625;-117.9025650024;
3507.5192871094;-117.8950271606;
3548.1335449219;-117.8955612183;
3589.2199707031;-117.9031906128;
3630.7800292969;-117.9220962524;
3672.8234863281;-117.9426727295;
3715.3518066406;-117.9635009766;
3758.3745117188;-117.9833068848;
3801.8933105469;-118.0028991699;
3845.9182128906;-118.0255203247;
3890.4506835938;-118.0485992432;
3935.5009765625;-118.0718612671;
3981.0708007812;-118.0912551880;
4027.1704101562;-118.1095352173;
4073.8017578125;-118.1268997192;
4120.9750976562;-118.1438903809;
4168.6928710938;-118.1569213867;
4216.9648437500;-118.1654663086;
4265.7963867188;-118.1666336060;
4315.1904296875;-118.1623687744;
4365.1591796875;-118.1557312012;
4415.7041015625;-118.1467971802;
4466.8369140625;-118.1336364746;
4518.5590820312;-118.1177825928;
4570.8828125000;-118.1039123535;
4623.8095703125;-118.0942535400;
4677.3520507812;-118.0905838013;
4731.5122070312;-118.0908126831;
4786.3017578125;-118.0990219116;
4841.7231445312;-118.1238784790;
4897.7890625000;-118.1702499390;
4954.5009765625;-118.2351303101;
5011.8730468750;-118.2913818359;
5069.9062500000;-118.3076782227;
5128.6142578125;-118.2923278809;
5187.9995117188;-118.2692260742;
5248.0747070312;-118.2588195801;
5308.8432617188;-118.2647247314;
5370.3183593750;-118.2723464966;
5432.5019531250;-118.2651367188;
5495.4086914062;-118.2375030518;
5559.0410156250;-118.1887588501;
5623.4130859375;-118.1269836426;
5688.5307617188;-118.0714950562;
5754.3994140625;-118.0351257324;
5821.0336914062;-118.0172653198;
5888.4365234375;-118.0191192627;
5956.6225585938;-118.0547866821;
6025.5957031250;-118.1077499390;
6095.3701171875;-118.1430740356;
6165.9497070312;-118.1426391602;
6237.3496093750;-118.1324996948;
6309.5727539062;-118.1488800049;
6382.6357421875;-118.1940765381;
6456.5415039062;-118.2381591797;
6531.3061523438;-118.2528610229;
6606.9335937500;-118.2355270386;
6683.4399414062;-118.1977767944;
6760.8286132812;-118.1806945801;
6839.1171875000;-118.1575546265;
6918.3081054688;-118.1090087891;
6998.4204101562;-118.0643539429;
7079.4560546875;-118.0537719727;
7161.4345703125;-118.0458297729;
7244.3579101562;-117.9838333130;
7328.2456054688;-117.9618835449;
7413.1005859375;-117.9997253418;
7498.9418945312;-118.1038055420;
7585.7778320312;-118.1694946289;
7673.6147460938;-118.1931381226;
7762.4731445312;-118.2611618042;
7852.3559570312;-118.3100128174;
7943.2841796875;-118.2384490967;
8035.2607421875;-117.9968338013;
8128.3066406250;-117.8215789795;
8222.4257812500;-117.8152923584;
8317.6396484375;-117.8653717041;
8413.9501953125;-117.8957901001;
8511.3818359375;-117.9117279053;
8609.9365234375;-117.9027786255;
8709.6367187500;-117.8593368530;
8810.4873046875;-117.8205566406;
8912.5107421875;-117.7992630005;
9015.7099609375;-117.7755050659;
9120.1093750000;-117.7352676392;
9225.7128906250;-117.7148818970;
9332.5439453125;-117.7625885010;
9440.6064453125;-117.8847656250;
9549.9267578125;-117.9235076904;
9660.5068359375;-117.8772354126;
9772.3720703125;-117.8096389771;
9885.5283203125;-117.7299880981;
10000.0000000000;-117.7973480225;
10115.7968750000;-117.7650070190;
10232.9355468750;-117.7256164551;
10351.4189453125;-117.6795806885;
10471.2851562500;-117.6225204468;
10592.5400390625;-117.5621337891;
10715.1982421875;-117.4979324341;
10839.2656250000;-117.4393081665;
10964.7812500000;-117.3874130249;
11091.7500000000;-117.3537902832;
11220.1894531250;-117.3276214600;
11350.1035156250;-117.3134613037;
11481.5351562500;-117.3001480103;
11614.4873046875;-117.2864990234;
11748.9804687500;-117.2680130005;
11885.0166015625;-117.2485961914;
12022.6425781250;-117.2288818359;
12161.8613281250;-117.2107391357;
12302.6923828125;-117.1898498535;
12445.1396484375;-117.1643371582;
12589.2509765625;-117.1284408569;
12735.0312500000;-117.0784378052;
12882.4990234375;-117.0205535889;
13031.6611328125;-116.9562454224;
13182.5634765625;-116.8910903931;
13335.2138671875;-116.8339614868;
13489.6328125000;-116.7888412476;
13645.8388671875;-116.7597427368;
13803.8388671875;-116.7553253174;
13963.6826171875;-116.7647933960;
14125.3789062500;-116.7734451294;
14288.9462890625;-116.7686309814;
14454.3925781250;-116.7368927002;
14621.7705078125;-116.6635894775;
14791.0869140625;-116.5660018921;
14962.3632812500;-116.4635238647;
15135.6064453125;-116.3703002930;
15310.8730468750;-116.2951431274;
15488.1679687500;-116.2395248413;
15667.5166015625;-116.1993408203;
15848.9248046875;-116.1722640991;
16032.4511718750;-116.1553039551;
16218.1025390625;-116.1465225220;
16405.9042968750;-116.1447372437;
16595.8613281250;-116.1512222290;
16788.0371093750;-116.1676864624;
16982.4375000000;-116.1914367676;
17179.0898437500;-116.2129592896;
17378.0000000000;-116.2192459106;
17579.2324218750;-116.1996459961;
17782.7949218750;-116.1771469116;
17988.7148437500;-116.1069869995;
18197.0175781250;-116.0066070557;
18407.7148437500;-115.8813781738;
18620.8710937500;-115.6732254028;
18836.4941406250;-115.4934539795;
19054.6171875000;-115.4213714600;
19275.2421875000;-115.3927078247;
19498.4433593750;-115.3962860107;
19724.2304687500;-115.4108734131;
19952.6328125000;-115.4143142700;
20183.6562500000;-115.3941574097;
20417.3769531250;-115.3530197144;
20653.8046875000;-115.2693862915;
20892.9687500000;-115.1576232910;
21134.8808593750;-115.0565567017;
21379.6171875000;-114.9520187378;
21627.1875000000;-114.8655090332;
21877.6230468750;-114.7819442749;
22130.9355468750;-114.7328186035;
22387.2070312500;-114.7284240723;
22646.4433593750;-114.7519989014;
22908.6835937500;-114.8165359497;
23173.9335937500;-114.8580856323;
23442.2812500000;-114.8349075317;
23713.7363281250;-114.7040176392;
23988.3359375000;-114.5360412598;
24266.1132812500;-114.4537811279;
24547.0820312500;-114.3981475830;
24831.3300781250;-114.3634490967;
25118.8691406250;-114.2898941040;
25409.7402343750;-114.1888122559;
25703.9492187500;-114.1380462646;
26001.5937500000;-114.1844024658;
26302.6835937500;-114.3068161011;
26607.2617187500;-114.3831939697;
26915.3378906250;-114.3054962158;
27227.0097656250;-114.1488189697;
27542.2910156250;-114.0227432251;
27861.2226562500;-113.9627609253;
28183.8164062500;-113.9763259888;
28510.1777343750;-114.0322494507;
28840.3183593750;-114.0881652832;
29174.2812500000;-114.1174774170;
29512.0781250000;-114.1040649414;
29853.8203125000;-114.0485839844;
30199.5175781250;-113.8433303833;
30549.2207031250;-113.7983245850;
30902.9375000000;-113.7742080688;
31260.7851562500;-113.7548294067;
31622.7773437500;-113.7569503784;
31988.9589843750;-113.7633285522;
32359.3828125000;-113.7790527344;
32734.0585937500;-113.7970809937;
33113.1093750000;-113.8175659180;
33496.5507812500;-113.8456115723;
33884.4335937500;-113.8769989014;
34276.7656250000;-113.9235839844;
34673.6835937500;-113.9719314575;
35075.1953125000;-114.0230026245;
35481.3554687500;-114.0643386841;
35892.1796875000;-114.0970993042;
36307.8007812500;-114.1051177979;
36728.2343750000;-114.1039886475;
37153.5390625000;-114.0861282349;
37583.7226562500;-114.0593490601;
38018.9335937500;-114.0271148682;
38459.1796875000;-113.9867095947;
38904.5273437500;-113.9443817139;
39354.9882812500;-113.9011001587;
39810.7070312500;-113.8691787720;
40271.7070312500;-113.8561630249;
40738.0390625000;-113.8624267578;
41209.7304687500;-113.9086303711;
41686.9257812500;-113.9763336182;
42169.6484375000;-114.0566101074;
42657.9648437500;-114.1421966553;
43151.9296875000;-114.2199401855;
43651.5703125000;-114.2922744751;
44157.0429687500;-114.3604965210;
44668.3671875000;-114.4293518066;
45185.6171875000;-114.5052108765;
45708.8046875000;-114.5881271362;
46238.0976562500;-114.6786804199;
46773.5234375000;-114.7773895264;
47315.1484375000;-114.8857574463;
47862.9921875000;-114.9966430664;
48417.2304687500;-115.1047439575;
48977.8867187500;-115.2075653076;
49545.0390625000;-115.3074340820;
50118.7031250000;-115.4165725708;
50699.0625000000;-115.5354461670;
51286.1445312500;-115.6477127075;
51880.0234375000;-115.7396621704;
52480.7187500000;-115.8086776733;
53088.4335937500;-115.8662185669;
53703.1835937500;-115.9315795898;
54325.0507812500;-116.0165786743;
54954.0585937500;-116.1112594604;
55590.4101562500;-116.1870040894;
56234.1328125000;-116.2330322266;
56885.3085937500;-116.2788009644;
57544.0234375000;-116.3637695312;
58210.3046875000;-116.5063400269;
58884.3632812500;-116.6952438354;
59566.2265625000;-116.9323883057;
60255.9882812500;-117.1032333374;
60953.6679687500;-117.2155914307;
61659.4960937500;-117.2679290771;
62373.4960937500;-117.2803039551;
63095.7617187500;-117.2855834961;
63826.3242187500;-117.3185424805;
64565.4140625000;-117.3960571289;
65313.0625000000;-117.5013046265;
66069.3671875000;-117.5987167358;
66834.3593750000;-117.7104492188;
67608.2890625000;-117.8483810425;
68391.1718750000;-117.9796218872;
69183.1250000000;-118.1242675781;
69984.1640625000;-118.2620468140;
70794.5625000000;-118.3762130737;
71614.3437500000;-118.4788513184;
72443.6171875000;-118.5298156738;
73282.4140625000;-118.5642700195;
74131.0078125000;-118.6305541992;
74989.4218750000;-118.8031692505;
75857.7812500000;-118.9837875366;
76736.1875000000;-119.0687561035;
77624.6875000000;-119.1856994629;
78523.5625000000;-119.3207244873;
79432.8437500000;-119.3986129761;
80352.6484375000;-119.4707412720;
81283.0234375000;-119.5573577881;
82224.2578125000;-119.6794357300;
83176.3906250000;-119.9293594360;
84139.5546875000;-120.1266326904;
85113.7734375000;-120.2075500488;
86099.3671875000;-120.2916870117;
87096.3671875000;-120.4223175049;
88104.9218750000;-120.5146865845;
89125.0546875000;-120.4839553833;
90157.1015625000;-120.4239654541;
91201.0937500000;-120.4836807251;
92257.1718750000;-120.6631774902;
93325.3828125000;-120.8685226440;
94406.0703125000;-121.0387878418;
95499.2656250000;-121.0988845825;
96605.1171875000;-121.1422042847;
97723.6718750000;-121.2301788330;
98855.2812500000;-121.3997116089;
100000.0000000000;-121.6455001831;
101157.9687500000;-121.7568664551;
102329.3515625000;-121.8533706665;
103514.1875000000;-121.9358444214;
104712.8515625000;-121.9950866699;
105925.3984375000;-122.0471801758;
107151.9843750000;-122.0899581909;
108392.6562500000;-122.1397628784;
109647.8125000000;-122.1980590820;
110917.5000000000;-122.2802810669;
112201.8984375000;-122.3722076416;
113501.0390625000;-122.4796447754;
114815.3437500000;-122.5859832764;
116144.8750000000;-122.6891708374;
117489.8046875000;-122.7754058838;
118850.1718750000;-122.8488693237;
120226.4218750000;-122.9140472412;
121618.6093750000;-122.9756317139;
123026.9218750000;-123.0491485596;
124451.3984375000;-123.1353530884;
125892.5156250000;-123.2435836792;
127350.3125000000;-123.3709259033;
128824.9921875000;-123.5048294067;
130316.6093750000;-123.6414031982;
131825.6406250000;-123.7690582275;
133352.1406250000;-123.8841476440;
134896.3281250000;-123.9870986938;
136458.3906250000;-124.0774688721;
138038.3906250000;-124.1535873413;
139636.8281250000;-124.2224960327;
141253.7812500000;-124.2902450562;
142889.4687500000;-124.3615188599;
144543.9218750000;-124.4411773682;
146217.7031250000;-124.5356826782;
147910.8593750000;-124.6432418823;
149623.6250000000;-124.7600326538;
151356.0625000000;-124.8813095093;
153108.7187500000;-125.0000000000;
154881.6875000000;-125.1058273315;
156675.1718750000;-125.1836624146;
158489.2500000000;-125.2050170898;
160324.5156250000;-125.1695709229;
162181.0312500000;-125.1070556641;
164059.0312500000;-125.0695571899;
165958.6093750000;-125.1016845703;
167880.3593750000;-125.2115936279;
169824.3750000000;-125.3656616211;
171790.8906250000;-125.5149993896;
173779.9843750000;-125.6317291260;
175792.3125000000;-125.7189254761;
177827.9375000000;-125.7636947632;
179887.1406250000;-125.8264007568;
181970.1875000000;-125.8773498535;
184077.1406250000;-125.9227600098;
186208.7031250000;-125.9905548096;
188364.9531250000;-126.0396499634;
190546.1562500000;-126.0515441895;
192752.4218750000;-126.0613250732;
194984.4375000000;-126.0828170776;
197242.3125000000;-126.1151046753;
199526.3125000000;-126.1422500610;
201836.5625000000;-126.1481781006;
204173.7656250000;-126.1360015869;
206538.0468750000;-126.1492614746;
208929.7031250000;-126.2363967896;
211348.8125000000;-126.3118591309;
213796.1718750000;-126.3629074097;
216271.8750000000;-126.3947677612;
218776.2343750000;-126.4740982056;
221309.3593750000;-126.5992431641;
223872.0625000000;-126.6731109619;
226464.4375000000;-126.7136840820;
229086.8281250000;-126.7334594727;
231739.3437500000;-126.7536239624;
234422.8125000000;-126.7633361816;
237137.3750000000;-126.7311935425;
239883.3593750000;-126.6744995117;
242661.1406250000;-126.6571273804;
245470.8125000000;-126.6677474976;
248313.2968750000;-126.6775512695;
251188.7031250000;-126.6523666382;
254097.3906250000;-126.5879287720;
257039.4843750000;-126.5065536499;
260015.9375000000;-126.4740142822;
263026.8437500000;-126.5194396973;
266072.6250000000;-126.5846252441;
269153.3750000000;-126.6260757446;
272270.0937500000;-126.6227111816;
275422.9062500000;-126.5564270020;
278612.2187500000;-126.4581375122;
281838.1562500000;-126.3545074463;
285101.7812500000;-126.2743301392;
288403.1875000000;-126.2141342163;
291742.8125000000;-126.1088790894;
295120.7812500000;-126.0067825317;
298538.1875000000;-125.8926849365;
301995.1875000000;-125.6709289551;
305492.2187500000;-125.5503845215;
309029.3750000000;-125.4125823975;
312607.8437500000;-125.2655639648;
316227.7812500000;-125.1028671265;
319889.5937500000;-124.9202117920;
323593.8125000000;-124.7274017334;
327340.5937500000;-124.5043334961;
331131.0937500000;-124.2678375244;
334965.5000000000;-124.0116653442;
338844.3125000000;-123.7257995605;
342767.6562500000;-123.4229202271;
346736.8125000000;-123.0889587402;
350751.9375000000;-122.7213516235;
354813.5312500000;-122.3284683228;
358921.7812500000;-121.8892517090;
363078.0000000000;-121.3968124390;
367282.3437500000;-120.8583526611;
371535.3750000000;-120.2473678589;
375837.2500000000;-119.5361404419;
380189.3437500000;-118.7446823120;
384591.8125000000;-117.8662033081;
389045.2812500000;-116.8493194580;
393549.8750000000;-115.7722091675;
398107.0937500000;-114.6647415161;
402717.0625000000;-113.5631713867;
407380.4062500000;-112.5976486206;
412097.3125000000;-111.8109970093;
416869.2812500000;-111.2458877563;
421696.5000000000;-110.9452514648;
426579.6250000000;-111.0048675537;
431519.3125000000;-111.4313201904;
436515.6875000000;-112.1709976196;
441570.4375000000;-113.2018432617;
446683.6875000000;-114.4818878174;
451856.1562500000;-115.9449386597;
457088.0312500000;-117.4900512695;
462380.9687500000;-118.9893341064;
467735.2187500000;-120.3834991455;
473151.4687500000;-121.6503677368;
478629.9062500000;-122.7946548462;
484172.3125000000;-123.8360290527;
489778.8750000000;-124.7944030762;
495450.3750000000;-125.6818466187;
501187.0000000000;-126.5032730103;
506990.6250000000;-127.2634201050;
512861.4375000000;-127.9701461792;
518800.2187500000;-128.6322021484;
524807.1875000000;-129.2565612793;
530884.3125000000;-129.8648529053;
537031.8125000000;-130.4397735596;
543250.5000000000;-130.9998168945;
549540.5625000000;-131.5428924561;
555904.1250000000;-132.0572662354;
562341.3125000000;-132.5323791504;
568853.0625000000;-132.9692840576;
575440.2500000000;-133.3795013428;
582103.0625000000;-133.7748565674;
588843.6250000000;-134.3406219482;
595662.2500000000;-134.8813476562;
602559.8750000000;-135.2158050537;
609536.6875000000;-135.5446166992;
616594.9375000000;-135.8856506348;
623734.9375000000;-136.2510528564;
630957.6250000000;-136.6353912354;
638263.2500000000;-137.1880798340;
645654.1250000000;-137.6789703369;
653130.6250000000;-137.9589385986;
660693.6875000000;-138.2243347168;
668343.6250000000;-138.6127471924;
676082.8750000000;-138.9843902588;
683911.6875000000;-139.2071533203;
691831.1875000000;-139.5254211426;
699841.6875000000;-139.8526458740;
707945.6250000000;-140.0700378418;
716143.4375000000;-140.3616485596;
724436.1875000000;-140.5263824463;
732824.1250000000;-140.4093780518;
741310.0625000000;-139.8577880859;
749894.1875000000;-139.4303131104;
758577.7500000000;-139.8366088867;
767361.8750000000;-140.8995208740;
776246.8750000000;-141.6654663086;
785235.6250000000;-142.3533325195;
794328.4375000000;-142.6686401367;
803526.5000000000;-142.7717590332;
812830.2500000000;-142.7104949951;
822242.5625000000;-142.5185089111;
831763.9375000000;-142.6542053223;
841395.5000000000;-143.2038269043;
851137.6875000000;-143.7845458984;
860993.6250000000;-144.1388854980;
870963.6875000000;-144.2978820801;
881049.2500000000;-144.4916534424;
891250.5625000000;-144.6912994385;
901571.0000000000;-144.9310913086;
912010.9375000000;-145.2510681152;
922571.7500000000;-145.5916442871;
933253.8750000000;-145.8005065918;
944060.6875000000;-145.8987426758;
954992.6250000000;-145.9683685303;
966051.1875000000;-146.0512390137;
977236.6875000000;-146.2427978516;
988552.8125000000;-146.4506378174;
1000000.0000000000;-146.6024017334;
