Window;1;Noise Spectrum;
Trace;1;
1.0000000000;-113.6135177612;
1.0115795135;-113.6677169800;
1.0232930183;-113.7726898193;
1.0351421833;-113.9256057739;
1.0471285582;-114.0785293579;
1.0592536926;-114.2314453125;
1.0715192556;-114.3843688965;
1.0839269161;-114.5434341431;
1.0964782238;-114.7210922241;
1.1091748476;-114.8987426758;
1.1220184565;-115.0764007568;
1.1350108385;-115.2540588379;
1.1481536627;-115.4158935547;
1.1614485979;-115.5377731323;
1.1748975515;-115.6596603394;
1.1885021925;-115.7815475464;
1.2022644281;-115.9034347534;
1.2161860466;-116.0106735229;
1.2302688360;-116.1076202393;
1.2445145845;-116.2045745850;
1.2589254379;-116.3015213013;
1.2735030651;-116.4131240845;
1.2882494926;-116.6208267212;
1.3031667471;-116.8285293579;
1.3182567358;-117.0362319946;
1.3335214853;-117.2439346313;
1.3489629030;-117.6978759766;
1.3645831347;-118.1808929443;
1.3803843260;-118.6639099121;
1.3963683844;-119.1469268799;
1.4125375748;-119.9958801270;
1.4288939238;-120.9075393677;
1.4454398155;-121.8192138672;
1.4621771574;-122.7308731079;
1.4791084528;-123.0328445435;
1.4962356091;-123.3303070068;
1.5135612488;-123.6277694702;
1.5310875177;-123.8181304932;
1.5488165617;-123.7537460327;
1.5667510033;-123.6893615723;
1.5848932266;-123.6249771118;
1.6032453775;-123.5672607422;
1.6218100786;-123.5117568970;
1.6405898333;-123.4562606812;
1.6595869064;-123.1930465698;
1.6788040400;-122.5329742432;
1.6982436180;-121.8729019165;
1.7179083824;-121.2364883423;
1.7378008366;-120.9378280640;
1.7579236031;-120.6391754150;
1.7782794237;-120.3405151367;
1.7988709211;-120.4560699463;
1.8197008371;-120.6142807007;
1.8407719135;-120.7724914551;
1.8620871305;-121.0866241455;
1.8836491108;-121.4264297485;
1.9054607153;-121.7662353516;
1.9275249243;-121.6846237183;
1.9498445988;-121.5633621216;
1.9724227190;-121.4417190552;
1.9952623844;-121.3147125244;
2.0183663368;-121.1877059937;
2.0417380333;-121.2083892822;
2.0653800964;-121.5605087280;
2.0892961025;-121.9126358032;
2.1134889126;-122.7209320068;
2.1379621029;-123.7909545898;
2.1627185345;-124.8552169800;
2.1877615452;-125.7897338867;
2.2130947113;-126.7242584229;
2.2387211323;-126.5836029053;
2.2646441460;-125.4687194824;
2.2908678055;-124.4051437378;
2.3173947334;-123.9504470825;
2.3442287445;-123.4957504272;
2.3713736534;-123.3247070312;
2.3988327980;-123.2764511108;
2.4266099930;-123.3216400146;
2.4547088146;-123.5183105469;
2.4831330776;-123.7472305298;
2.5118863583;-124.2011947632;
2.5409727097;-124.6551589966;
2.5703957081;-125.2241134644;
2.6001594067;-125.8022308350;
2.6302678585;-125.9294586182;
2.6607251167;-125.9305877686;
2.6915347576;-125.5064773560;
2.7227013111;-124.8898544312;
2.7542285919;-124.2983627319;
2.7861211300;-123.7207107544;
2.8183827400;-123.3416671753;
2.8510184288;-123.0706405640;
2.8840315342;-122.7984085083;
2.9174270630;-122.5256347656;
2.9512093067;-121.8380813599;
2.9853825569;-121.0380401611;
3.0199515820;-120.2979278564;
3.0549211502;-119.6120147705;
3.0902955532;-119.4206314087;
3.1260793209;-119.4169235229;
3.1622776985;-119.8531723022;
3.1988949776;-120.6085433960;
3.2359364033;-121.6311645508;
3.2734067440;-122.9492950439;
3.3113110065;-124.2999954224;
3.3496541977;-125.4597320557;
3.3884413242;-126.2003860474;
3.4276781082;-126.4925460815;
3.4673686028;-125.8974075317;
3.5075187683;-124.9898529053;
3.5481340885;-123.6197586060;
3.5892193317;-122.2754974365;
3.6307804585;-121.0166320801;
3.6728229523;-120.1389236450;
3.7153522968;-119.6314239502;
3.7583739758;-119.4159393311;
3.8018937111;-119.6712951660;
3.8459177017;-120.3227005005;
3.8904511929;-121.2977523804;
3.9355010986;-122.7012481689;
3.9810719490;-124.5097579956;
4.0271706581;-126.0223922729;
4.0738029480;-127.0019302368;
4.1209754944;-126.8818130493;
4.1686940193;-126.3918533325;
4.2169651985;-125.7396697998;
4.2657952309;-125.1104431152;
4.3151907921;-125.0470809937;
4.3651580811;-125.7424240112;
4.4157042503;-126.9068984985;
4.4668354988;-127.8684692383;
4.5185589790;-127.7896118164;
4.5708823204;-126.8062896729;
4.6238102913;-126.1397171021;
4.6773514748;-125.8703460693;
4.7315125465;-126.0641021729;
4.7863011360;-126.7648696899;
4.8417239189;-128.0051116943;
4.8977880478;-129.8200378418;
4.9545016289;-132.1683654785;
5.0118722916;-131.3775024414;
5.0699067116;-129.7261505127;
5.1286134720;-128.4937744141;
5.1880002022;-127.7317199707;
5.2480750084;-127.3190460205;
5.3088445663;-127.0326690674;
5.3703184128;-126.7090835571;
5.4325037003;-126.5946350098;
5.4954090118;-126.7608337402;
5.5590424538;-126.8637847900;
5.6234130859;-126.1788787842;
5.6885290146;-125.3191604614;
5.7543992996;-125.0756530762;
5.8210320473;-126.3145675659;
5.8884363174;-128.7431030273;
5.9566211700;-130.1495208740;
6.0255956650;-127.7799758911;
6.0953693390;-126.4398040771;
6.1659502983;-125.7677688599;
6.2373485565;-125.5334930420;
6.3095736504;-125.8432693481;
6.3826351166;-126.7338943481;
6.4565424919;-128.9467315674;
6.5313053131;-131.9984130859;
6.6069345474;-133.0816192627;
6.6834387779;-133.3163604736;
6.7608294487;-134.2833862305;
6.8391160965;-131.6400146484;
6.9183092117;-129.1289367676;
6.9984202385;-128.5265350342;
7.0794582367;-128.0682067871;
7.1614346504;-126.8382110596;
7.2443599701;-125.4963226318;
7.3282456398;-124.9532775879;
7.4131026268;-125.3377990723;
7.4989418983;-127.3545608521;
7.5857758522;-130.8764495850;
7.6736145020;-132.8852844238;
7.7624707222;-130.4322204590;
7.8523559570;-126.9904174805;
7.9432821274;-126.1114425659;
8.0352611542;-127.5831527710;
8.1283054352;-129.3913116455;
8.2224273682;-126.5778274536;
8.3176383972;-124.6929244995;
8.4139518738;-125.0214080811;
8.5113801956;-126.8443069458;
8.6099376678;-129.1636810303;
8.7096357346;-132.4102783203;
8.8104887009;-135.7365417480;
8.9125089645;-134.8096008301;
9.0157108307;-134.4220733643;
9.1201076508;-134.9761962891;
9.2257137299;-135.2341918945;
9.3325433731;-132.1333465576;
9.4406089783;-131.1019744873;
9.5499258041;-133.6739654541;
9.6605091095;-135.5180969238;
9.7723722458;-134.4526367188;
9.8855314255;-132.9680480957;
10.0000000000;-129.9020385742;
10.1157941818;-128.9032745361;
10.2329292297;-128.0897369385;
10.3514213562;-127.5138092041;
10.4712848663;-127.2058563232;
10.5925369263;-127.1771011353;
10.7151927948;-127.4171829224;
10.8392686844;-127.8828430176;
10.9647808075;-128.4780731201;
11.0917472839;-128.9452972412;
11.2201833725;-129.3500213623;
11.3501071930;-129.3830108643;
11.4815349579;-129.0445861816;
11.6144876480;-128.5062408447;
11.7489767075;-127.9692077637;
11.8850231171;-127.4563598633;
12.0226459503;-127.3383255005;
12.1618614197;-127.5091094971;
12.3026885986;-127.8187942505;
12.4451465607;-128.1926422119;
12.5892543793;-128.5237579346;
12.7350311279;-128.6992950439;
12.8824958801;-128.6658020020;
13.0316677094;-128.3455047607;
13.1825675964;-128.0070037842;
13.3352146149;-127.8583374023;
13.4896287918;-127.7609176636;
13.6458311081;-127.6721420288;
13.8038425446;-127.4842910767;
13.9636831284;-127.2719192505;
14.1253747940;-127.1734466553;
14.2889385223;-127.1781082153;
14.4543962479;-127.3623428345;
14.6217708588;-127.6089248657;
14.7910823822;-127.9491271973;
14.9623546600;-128.6297912598;
15.1356105804;-129.4752502441;
15.3108730316;-130.4457244873;
15.4881677628;-131.5754852295;
15.6675128937;-132.4120178223;
15.8489332199;-133.5542449951;
16.0324554443;-134.1597595215;
16.2181015015;-133.8497314453;
16.4058990479;-133.3355407715;
16.5958709717;-133.1408081055;
16.7880401611;-133.3129272461;
16.9824371338;-133.6472625732;
17.1790847778;-133.7066192627;
17.3780078888;-133.2003936768;
17.5792369843;-132.1483764648;
17.7827949524;-131.3078613281;
17.9887084961;-130.5368499756;
18.1970081329;-129.9396972656;
18.4077186584;-129.5755310059;
18.6208705902;-129.3700103760;
18.8364906311;-129.4309692383;
19.0546054840;-129.7616271973;
19.2752475739;-130.5111846924;
19.4984436035;-131.1713409424;
19.7242259979;-131.0985412598;
19.9526214600;-130.6149902344;
20.1836605072;-129.9774475098;
20.4173774719;-129.1199645996;
20.6538047791;-128.3611755371;
20.8929634094;-128.0568847656;
21.1348934174;-128.5977020264;
21.3796234131;-130.1094207764;
21.6271877289;-132.3285675049;
21.8776187897;-134.3117980957;
22.1309490204;-134.4968109131;
22.3872127533;-133.0799865723;
22.6464443207;-131.5222778320;
22.9086780548;-130.4331970215;
23.1739463806;-129.9298553467;
23.4422893524;-129.8575439453;
23.7137374878;-129.8995819092;
23.9883289337;-129.9166717529;
24.2660999298;-130.0749053955;
24.5470886230;-130.7136993408;
24.8313293457;-131.4691619873;
25.1188621521;-131.5984649658;
25.4097251892;-131.4596710205;
25.7039566040;-131.7407379150;
26.0015926361;-132.7895507812;
26.3026771545;-134.4066467285;
26.6072483063;-135.6702423096;
26.9153442383;-135.4367828369;
27.2270088196;-134.3658142090;
27.5422897339;-133.4938354492;
27.8612155914;-132.9020690918;
28.1838321686;-132.4791564941;
28.5101852417;-132.5651245117;
28.8403167725;-133.2975769043;
29.1742725372;-133.6953582764;
29.5120944977;-133.1703186035;
29.8538284302;-132.3576507568;
30.1995182037;-132.1264801025;
30.5492115021;-131.8892974854;
30.9029541016;-131.7026672363;
31.2607936859;-131.5705566406;
31.6227760315;-131.4860687256;
31.9889507294;-131.4604949951;
32.3593635559;-131.4802093506;
32.7340698242;-131.5287780762;
33.1131095886;-131.6097106934;
33.4965438843;-131.7530517578;
33.8844146729;-131.9991760254;
34.2767753601;-132.3518676758;
34.6736831665;-132.8149414062;
35.0751838684;-133.3833465576;
35.4813346863;-133.9600219727;
35.8921890259;-134.4150848389;
36.3078002930;-134.6941528320;
36.7282333374;-134.7914428711;
37.1535263062;-134.7686462402;
37.5837440491;-134.7712860107;
38.0189437866;-134.9178771973;
38.4591827393;-135.2272033691;
38.9045181274;-135.6644134521;
39.3550109863;-136.1300048828;
39.8107185364;-136.4736480713;
40.2717056274;-136.5488433838;
40.7380294800;-136.3101043701;
41.2097511292;-135.8607788086;
41.6869392395;-135.3616790771;
42.1696510315;-134.9222259521;
42.6579513550;-134.5740051270;
43.1519050598;-134.3143157959;
43.6515808105;-134.1291961670;
44.1570434570;-134.0052947998;
44.6683578491;-133.9205322266;
45.1855926514;-133.8967132568;
45.7088165283;-133.9134216309;
46.2380981445;-133.9873504639;
46.7735099792;-134.1396179199;
47.3151206970;-134.3690643311;
47.8630027771;-134.6293182373;
48.4172286987;-134.8305664062;
48.9778900146;-134.8873596191;
49.5450248718;-134.7983093262;
50.1187286377;-134.6632232666;
50.6990776062;-134.8103637695;
51.2861442566;-135.0711212158;
51.8800086975;-135.2320709229;
52.4807510376;-135.1043548584;
53.0884475708;-134.7174530029;
53.7031822205;-134.1519470215;
54.3250350952;-133.9864044189;
54.9540901184;-134.1609039307;
55.5904273987;-134.4480895996;
56.2341308594;-134.8602294922;
56.8852920532;-135.1479797363;
57.5439910889;-135.2609863281;
58.2103195190;-135.3492584229;
58.8843612671;-135.3799438477;
59.5662117004;-135.3790283203;
60.2559547424;-135.3449249268;
60.9536857605;-135.3013458252;
61.6594963074;-135.3198394775;
62.3734779358;-135.4537506104;
63.0957260132;-135.5951690674;
63.8263397217;-135.6257934570;
64.5654144287;-135.6082763672;
65.3130645752;-135.6274261475;
66.0693511963;-135.6854400635;
66.8343963623;-135.7572631836;
67.6083068848;-135.8915863037;
68.3911743164;-136.2302703857;
69.1831054688;-136.7060699463;
69.9842071533;-137.0026855469;
70.7945785522;-136.9227447510;
71.6143417358;-136.4925994873;
72.4435958862;-135.9648742676;
73.2824554443;-135.9215545654;
74.1310272217;-136.3532714844;
74.9894180298;-136.8979034424;
75.8577575684;-136.5630950928;
76.7361450195;-136.1399841309;
77.6247100830;-136.0415191650;
78.5235595703;-136.2342224121;
79.4328155518;-136.4376678467;
80.3526077271;-136.6044921875;
81.2830429077;-136.8540039062;
82.2242584229;-136.9958648682;
83.1763687134;-136.5422973633;
84.1395034790;-135.8064270020;
85.1137924194;-135.4957885742;
86.0993652344;-135.6756591797;
87.0963668823;-135.9354400635;
88.1048965454;-136.1520996094;
89.1251068115;-136.6753692627;
90.1571197510;-137.9161376953;
91.2010955811;-139.2336578369;
92.2571487427;-139.0602722168;
93.3254394531;-138.1508178711;
94.4060897827;-137.5471801758;
95.4992599487;-137.2392578125;
96.6050872803;-137.5868530273;
97.7237243652;-138.5127716064;
98.8553085327;-138.4371948242;
100.0000000000;-138.2701416016;
101.1579742432;-138.3633117676;
102.3292999268;-138.4403381348;
103.5142440796;-138.5020904541;
104.7128524780;-138.5185089111;
105.9253921509;-138.5160827637;
107.1519241333;-138.4546661377;
108.3927154541;-138.3669433594;
109.6478118896;-138.2474670410;
110.9175033569;-138.1157836914;
112.2018356323;-137.9958343506;
113.5010986328;-137.9220733643;
114.8153457642;-137.9247741699;
116.1448745728;-137.9765472412;
117.4897384644;-138.1031951904;
118.8502349854;-138.2109527588;
120.2264251709;-138.2868194580;
121.6186141968;-138.2347412109;
123.0268554688;-138.0825500488;
124.4514694214;-137.8733825684;
125.8925170898;-137.6347656250;
127.3503112793;-137.4604644775;
128.8249206543;-137.3647460938;
130.3166809082;-137.3639373779;
131.8256378174;-137.5138092041;
133.3521423340;-137.7449188232;
134.8963165283;-138.0104217529;
136.4583129883;-138.2732238770;
138.0384674072;-138.4562530518;
139.6368255615;-138.5513763428;
141.2537841797;-138.5969696045;
142.8893890381;-138.6243743896;
144.5440063477;-138.6709899902;
146.2176971436;-138.7847442627;
147.9108581543;-138.9667816162;
149.6235504150;-139.1900177002;
151.3561553955;-139.4191589355;
153.1087188721;-139.6169281006;
154.8816833496;-139.7557067871;
156.6750793457;-139.8255004883;
158.4893341064;-139.8030853271;
160.3245086670;-139.6826324463;
162.1810302734;-139.4887847900;
164.0589447021;-139.2931823730;
165.9586944580;-139.1858673096;
167.8803710938;-139.2325134277;
169.8243713379;-139.4419403076;
171.7908020020;-139.7561645508;
173.7800903320;-140.0638580322;
175.7923126221;-140.2394256592;
177.8279418945;-140.2728881836;
179.8871459961;-140.1185760498;
181.9700775146;-139.8716583252;
184.0772399902;-139.6937255859;
186.2087097168;-139.8028259277;
188.3649444580;-140.2605438232;
190.5460662842;-140.6224365234;
192.7525329590;-140.8742370605;
194.9844360352;-140.9887237549;
197.2423095703;-141.0496368408;
199.5262145996;-141.1592712402;
201.8366699219;-141.3206024170;
204.1737670898;-141.4028320312;
206.5380401611;-141.0823974609;
208.9295806885;-140.5478668213;
211.3489227295;-140.3238067627;
213.7961730957;-140.2675476074;
216.2718658447;-140.3123321533;
218.7761230469;-140.4809112549;
221.3094787598;-140.7861633301;
223.8720703125;-141.0199890137;
226.4644470215;-141.1461334229;
229.0867156982;-141.0581970215;
231.7394714355;-140.9024200439;
234.4228210449;-140.9022064209;
237.1373748779;-141.0882415771;
239.8833618164;-141.2850189209;
242.6610107422;-141.2838592529;
245.4709472656;-141.1426849365;
248.3132934570;-141.1139984131;
251.1887054443;-141.3368988037;
254.0972595215;-141.5755310059;
257.0396423340;-141.6645965576;
260.0159301758;-141.7518920898;
263.0268554688;-141.9351654053;
266.0724792480;-142.0693359375;
269.1535339355;-142.0133972168;
272.2700805664;-141.8750457764;
275.4229125977;-141.7999877930;
278.6120605469;-141.8780212402;
281.8383178711;-142.1211547852;
285.1017761230;-142.3563842773;
288.4031677246;-142.4940643311;
291.7426452637;-142.6155395508;
295.1209411621;-142.6486816406;
298.5382080078;-142.6079101562;
301.9951782227;-142.8568115234;
305.4920349121;-142.9768524170;
309.0295410156;-143.0697326660;
312.6078491211;-143.1538238525;
316.2277526855;-143.1980743408;
319.8895874023;-143.2301635742;
323.5936584473;-143.2355651855;
327.3407592773;-143.2290039062;
331.1311035156;-143.2097167969;
334.9655151367;-143.1696777344;
338.8441467285;-143.1204833984;
342.7678527832;-143.0440521240;
346.7368164062;-142.9678039551;
350.7519226074;-142.8985137939;
354.8133544922;-142.8623657227;
358.9219970703;-142.8553619385;
363.0780029297;-142.9208526611;
367.2823486328;-143.0094146729;
371.5351867676;-143.1360473633;
375.8374328613;-143.2594909668;
380.1893310547;-143.3776092529;
384.5918273926;-143.4608612061;
389.0450744629;-143.5240325928;
393.5501098633;-143.5700836182;
398.1070861816;-143.5921173096;
402.7170410156;-143.6012725830;
407.3801879883;-143.5992584229;
412.0975341797;-143.5871276855;
416.8692626953;-143.5883026123;
421.6965026855;-143.6088714600;
426.5796203613;-143.6667785645;
431.5190734863;-143.7764892578;
436.5159301758;-143.9219818115;
441.5704345703;-144.1015319824;
446.6836853027;-144.3152923584;
451.8559265137;-144.5234832764;
457.0882873535;-144.6870727539;
462.3809814453;-144.7785339355;
467.7352294922;-144.7644958496;
473.1512145996;-144.6406402588;
478.6301574707;-144.4955596924;
484.1723022461;-144.3831024170;
489.7788696289;-144.3523254395;
495.4501037598;-144.4382171631;
501.1872863770;-144.6440124512;
506.9906311035;-144.8696136475;
512.8614501953;-145.0214691162;
518.7999267578;-145.0626678467;
524.8074951172;-145.0231628418;
530.8843383789;-144.9856262207;
537.0317993164;-145.0355529785;
543.2501831055;-145.1967620850;
549.5408935547;-145.3999176025;
555.9041137695;-145.5168457031;
562.3413085938;-145.4921264648;
568.8530883789;-145.3892517090;
575.4399414062;-145.2855834961;
582.1033325195;-145.2208099365;
588.8436279297;-145.2007141113;
595.6622924805;-145.2259216309;
602.5595703125;-145.2934875488;
609.5369873047;-145.4039764404;
616.5949707031;-145.5533447266;
623.7349243164;-145.7306213379;
630.9572753906;-145.9121093750;
638.2636108398;-146.0480194092;
645.6541137695;-146.0910491943;
653.1306152344;-146.0615386963;
660.6933593750;-146.0447387695;
668.3439941406;-146.1223907471;
676.0828857422;-146.1409912109;
683.9116821289;-146.0885314941;
691.8308105469;-146.1269683838;
699.8420410156;-146.3305816650;
707.9456176758;-146.6347351074;
716.1434326172;-146.9466705322;
724.4357910156;-146.9698333740;
732.8245239258;-146.8850708008;
741.3100585938;-146.8210144043;
749.8942260742;-146.8064575195;
758.5777587891;-146.8010101318;
767.3614501953;-146.7332000732;
776.2473144531;-146.5613861084;
785.2355957031;-146.4763641357;
794.3284301758;-146.5614776611;
803.5260620117;-146.9148254395;
812.8306884766;-147.3003387451;
822.2425537109;-147.4156494141;
831.7639160156;-147.4193420410;
841.3950195312;-147.3981628418;
851.1381835938;-147.4321594238;
860.9936523438;-147.4360504150;
870.9636840820;-147.2372436523;
881.0487670898;-146.9993133545;
891.2510375977;-146.9533081055;
901.5709838867;-147.0037536621;
912.0109252930;-147.1364746094;
922.5712280273;-147.3504333496;
933.2543334961;-147.4867095947;
944.0606689453;-147.7534027100;
954.9926147461;-148.0003967285;
966.0506591797;-147.8622894287;
977.2372436523;-147.5424957275;
988.5528564453;-147.3552398682;
1000.0000000000;-147.8422241211;
1011.5797119141;-147.9258880615;
1023.2929687500;-148.0124053955;
1035.1424560547;-148.1016387939;
1047.1285400391;-148.1831054688;
1059.2539062500;-148.2609710693;
1071.5192871094;-148.3255004883;
1083.9271240234;-148.3862152100;
1096.4781494141;-148.4423065186;
1109.1750488281;-148.5021057129;
1122.0183105469;-148.5669860840;
1135.0109863281;-148.6458435059;
1148.1534423828;-148.7400207520;
1161.4487304688;-148.8428802490;
1174.8973388672;-148.9532470703;
1188.5023193359;-149.0515136719;
1202.2642822266;-149.1368713379;
1216.1861572266;-149.1874237061;
1230.2685546875;-149.2122802734;
1244.5146484375;-149.2201995850;
1258.9251708984;-149.2133636475;
1273.5031738281;-149.2047576904;
1288.2492675781;-149.1981506348;
1303.1667480469;-149.1948852539;
1318.2563476562;-149.1954040527;
1333.5214843750;-149.1981353760;
1348.9632568359;-149.2062988281;
1364.5831298828;-149.2236938477;
1380.3846435547;-149.2635345459;
1396.3682861328;-149.3266601562;
1412.5378417969;-149.4060668945;
1428.8939208984;-149.4967193604;
1445.4400634766;-149.5925445557;
1462.1770019531;-149.6871795654;
1479.1086425781;-149.7731170654;
1496.2354736328;-149.8430938721;
1513.5615234375;-149.8924407959;
1531.0872802734;-149.9216613770;
1548.8167724609;-149.9382171631;
1566.7508544922;-149.9551391602;
1584.8933105469;-149.9880371094;
1603.2451171875;-150.0416107178;
1621.8101806641;-150.1128234863;
1640.5894775391;-150.1920928955;
1659.5870361328;-150.2684173584;
1678.8035888672;-150.3367309570;
1698.2437744141;-150.4001922607;
1717.9079589844;-150.4630432129;
1737.8009033203;-150.5226745605;
1757.9230957031;-150.5720825195;
1778.2794189453;-150.5966491699;
1798.8713378906;-150.6285705566;
1819.7008056641;-150.6608123779;
1840.7724609375;-150.7002563477;
1862.0870361328;-150.7829589844;
1883.6495361328;-150.8883056641;
1905.4605712891;-150.9601440430;
1927.5252685547;-151.0257415771;
1949.8444824219;-151.0949554443;
1972.4230957031;-151.1837921143;
1995.2620849609;-151.2927856445;
2018.3666992188;-151.3934783936;
2041.7376708984;-151.4427795410;
2065.3803710938;-151.3868408203;
2089.2958984375;-151.2925262451;
2113.4892578125;-151.2713470459;
2137.9616699219;-151.2850036621;
2162.7187500000;-151.3130187988;
2187.7612304688;-151.3978424072;
2213.0949707031;-151.5788574219;
2238.7207031250;-151.7429504395;
2264.6442871094;-151.8785552979;
2290.8671875000;-151.9707946777;
2317.3947753906;-151.9858093262;
2344.2282714844;-151.9619903564;
2371.3737792969;-151.8931884766;
2398.8334960938;-151.8402099609;
2426.6101074219;-151.8421020508;
2454.7094726562;-151.8867950439;
2483.1330566406;-151.9385375977;
2511.8869628906;-151.9902801514;
2540.9726562500;-152.0507965088;
2570.3962402344;-152.1221466064;
2600.1594238281;-152.2247619629;
2630.2685546875;-152.3309936523;
2660.7248535156;-152.3796844482;
2691.5351562500;-152.4269409180;
2722.7009277344;-152.5208587646;
2754.2290039062;-152.5499572754;
2786.1208496094;-152.5149536133;
2818.3833007812;-152.5855865479;
2851.0178222656;-152.7606811523;
2884.0317382812;-152.8570404053;
2917.4265136719;-152.7515716553;
2951.2094726562;-152.6136627197;
2985.3820800781;-152.5887451172;
3019.9519042969;-152.7252349854;
3054.9204101562;-152.7495880127;
3090.2954101562;-152.7798614502;
3126.0786132812;-152.8106536865;
3162.2775878906;-152.8437652588;
3198.8959960938;-152.8766937256;
3235.9365234375;-152.9092407227;
3273.4077148438;-152.9433135986;
3311.3110351562;-152.9789886475;
3349.6550292969;-153.0226135254;
3388.4414062500;-153.0697326660;
3427.6784667969;-153.1305389404;
3467.3681640625;-153.1943511963;
3507.5192871094;-153.2656860352;
3548.1335449219;-153.3373565674;
3589.2199707031;-153.4093322754;
3630.7800292969;-153.4712982178;
3672.8234863281;-153.5261077881;
3715.3518066406;-153.5639495850;
3758.3745117188;-153.5886535645;
3801.8933105469;-153.6063537598;
3845.9182128906;-153.6217498779;
3890.4506835938;-153.6420440674;
3935.5009765625;-153.6664123535;
3981.0708007812;-153.6939086914;
4027.1704101562;-153.7172698975;
4073.8017578125;-153.7361907959;
4120.9750976562;-153.7446289062;
4168.6928710938;-153.7471008301;
4216.9648437500;-153.7466430664;
4265.7963867188;-153.7462768555;
4315.1904296875;-153.7562713623;
4365.1591796875;-153.7771453857;
4415.7041015625;-153.8101348877;
4466.8369140625;-153.8585510254;
4518.5590820312;-153.9205627441;
4570.8828125000;-153.9926605225;
4623.8095703125;-154.0708923340;
4677.3520507812;-154.1473388672;
4731.5122070312;-154.1922149658;
4786.3017578125;-154.2020874023;
4841.7231445312;-154.1894683838;
4897.7890625000;-154.1751251221;
4954.5009765625;-154.1856994629;
5011.8730468750;-154.2379760742;
5069.9062500000;-154.2952270508;
5128.6142578125;-154.3187103271;
5187.9995117188;-154.3010253906;
5248.0747070312;-154.2667388916;
5308.8432617188;-154.2571258545;
5370.3183593750;-154.2996215820;
5432.5019531250;-154.3825531006;
5495.4086914062;-154.4657592773;
5559.0410156250;-154.5157318115;
5623.4130859375;-154.5283508301;
5688.5307617188;-154.5174865723;
5754.3994140625;-154.5000457764;
5821.0336914062;-154.4904022217;
5888.4365234375;-154.4946289062;
5956.6225585938;-154.5089111328;
6025.5957031250;-154.5092468262;
6095.3701171875;-154.4867248535;
6165.9497070312;-154.4634552002;
6237.3496093750;-154.4809417725;
6309.5727539062;-154.5578308105;
6382.6357421875;-154.6633758545;
6456.5415039062;-154.7356262207;
6531.3061523438;-154.7382965088;
6606.9335937500;-154.6958465576;
6683.4399414062;-154.6586303711;
6760.8286132812;-154.6755828857;
6839.1171875000;-154.7046356201;
6918.3081054688;-154.7451324463;
6998.4204101562;-154.8007202148;
7079.4560546875;-154.8713684082;
7161.4345703125;-154.9908752441;
7244.3579101562;-155.0706481934;
7328.2456054688;-155.0507812500;
7413.1005859375;-154.9736785889;
7498.9418945312;-154.8576965332;
7585.7778320312;-154.8423461914;
7673.6147460938;-154.8812103271;
7762.4731445312;-154.9055175781;
7852.3559570312;-154.9064941406;
7943.2841796875;-154.9299163818;
8035.2607421875;-155.0140533447;
8128.3066406250;-155.1423187256;
8222.4257812500;-155.2507781982;
8317.6396484375;-155.3811950684;
8413.9501953125;-155.4071350098;
8511.3818359375;-155.3287048340;
8609.9365234375;-155.2565917969;
8709.6367187500;-155.2118377686;
8810.4873046875;-155.1737823486;
8912.5107421875;-155.1824188232;
9015.7099609375;-155.2187500000;
9120.1093750000;-155.2348327637;
9225.7128906250;-155.2380828857;
9332.5439453125;-155.2315063477;
9440.6064453125;-155.2546691895;
9549.9267578125;-155.2523956299;
9660.5068359375;-155.1860656738;
9772.3720703125;-155.1475982666;
9885.5283203125;-155.1775207520;
10000.0000000000;-155.3853607178;
10115.7968750000;-155.3819122314;
10232.9355468750;-155.3817443848;
10351.4189453125;-155.3846435547;
10471.2851562500;-155.3970336914;
10592.5400390625;-155.4127960205;
10715.1982421875;-155.4360656738;
10839.2656250000;-155.4578857422;
10964.7812500000;-155.4779663086;
11091.7500000000;-155.4898223877;
11220.1894531250;-155.4994354248;
11350.1035156250;-155.5072631836;
11481.5351562500;-155.5222320557;
11614.4873046875;-155.5422668457;
11748.9804687500;-155.5723114014;
11885.0166015625;-155.6002044678;
12022.6425781250;-155.6240234375;
12161.8613281250;-155.6305084229;
12302.6923828125;-155.6202239990;
12445.1396484375;-155.5973205566;
12589.2509765625;-155.5598144531;
12735.0312500000;-155.5133514404;
12882.4990234375;-155.4659881592;
13031.6611328125;-155.4213409424;
13182.5634765625;-155.3964691162;
13335.2138671875;-155.3980255127;
13489.6328125000;-155.4219207764;
13645.8388671875;-155.4644165039;
13803.8388671875;-155.5077209473;
13963.6826171875;-155.5248107910;
14125.3789062500;-155.5146179199;
14288.9462890625;-155.4826354980;
14454.3925781250;-155.4424438477;
14621.7705078125;-155.4215698242;
14791.0869140625;-155.4335174561;
14962.3632812500;-155.4761505127;
15135.6064453125;-155.5431518555;
15310.8730468750;-155.6235961914;
15488.1679687500;-155.7041931152;
15667.5166015625;-155.7734527588;
15848.9248046875;-155.8253173828;
16032.4511718750;-155.8638458252;
16218.1025390625;-155.8907318115;
16405.9042968750;-155.9087982178;
16595.8613281250;-155.9252319336;
16788.0371093750;-155.9486541748;
16982.4375000000;-155.9801177979;
17179.0898437500;-156.0049743652;
17378.0000000000;-155.9974365234;
17579.2324218750;-155.9425659180;
17782.7949218750;-155.8935394287;
17988.7148437500;-155.8062896729;
18197.0175781250;-155.7553253174;
18407.7148437500;-155.7407379150;
18620.8710937500;-155.7022705078;
18836.4941406250;-155.6068725586;
19054.6171875000;-155.5410156250;
19275.2421875000;-155.5025329590;
19498.4433593750;-155.4870910645;
19724.2304687500;-155.4803924561;
19952.6328125000;-155.4804840088;
20183.6562500000;-155.4986724854;
20417.3769531250;-155.5416870117;
20653.8046875000;-155.6295928955;
20892.9687500000;-155.7004852295;
21134.8808593750;-155.7177734375;
21379.6171875000;-155.7057342529;
21627.1875000000;-155.6691131592;
21877.6230468750;-155.6253662109;
22130.9355468750;-155.6557159424;
22387.2070312500;-155.7189941406;
22646.4433593750;-155.7730407715;
22908.6835937500;-155.7833557129;
23173.9335937500;-155.7471008301;
23442.2812500000;-155.7151184082;
23713.7363281250;-155.6455383301;
23988.3359375000;-155.5529937744;
24266.1132812500;-155.4991302490;
24547.0820312500;-155.4647064209;
24831.3300781250;-155.4721374512;
25118.8691406250;-155.5245361328;
25409.7402343750;-155.6116333008;
25703.9492187500;-155.7184143066;
26001.5937500000;-155.8158874512;
26302.6835937500;-155.8700408936;
26607.2617187500;-155.8800659180;
26915.3378906250;-155.8537445068;
27227.0097656250;-155.8128204346;
27542.2910156250;-155.7602844238;
27861.2226562500;-155.7022399902;
28183.8164062500;-155.6412658691;
28510.1777343750;-155.5787200928;
28840.3183593750;-155.5257720947;
29174.2812500000;-155.5180511475;
29512.0781250000;-155.5524139404;
29853.8203125000;-155.5654296875;
30199.5175781250;-155.7401123047;
30549.2207031250;-155.7717742920;
30902.9375000000;-155.8000640869;
31260.7851562500;-155.8242034912;
31622.7773437500;-155.8294830322;
31988.9589843750;-155.8249206543;
32359.3828125000;-155.7986907959;
32734.0585937500;-155.7604370117;
33113.1093750000;-155.7093505859;
33496.5507812500;-155.6541290283;
33884.4335937500;-155.5970764160;
34276.7656250000;-155.5545196533;
34673.6835937500;-155.5185089111;
35075.1953125000;-155.5025177002;
35481.3554687500;-155.4946441650;
35892.1796875000;-155.4939270020;
36307.8007812500;-155.4886932373;
36728.2343750000;-155.4790344238;
37153.5390625000;-155.4581909180;
37583.7226562500;-155.4283752441;
38018.9335937500;-155.3927917480;
38459.1796875000;-155.3464813232;
38904.5273437500;-155.2985229492;
39354.9882812500;-155.2501831055;
39810.7070312500;-155.2210998535;
40271.7070312500;-155.2128906250;
40738.0390625000;-155.2234191895;
41209.7304687500;-155.2556152344;
41686.9257812500;-155.2807006836;
42169.6484375000;-155.2929077148;
42657.9648437500;-155.2777709961;
43151.9296875000;-155.2344512939;
43651.5703125000;-155.1855163574;
44157.0429687500;-155.1397857666;
44668.3671875000;-155.1190490723;
45185.6171875000;-155.1271362305;
45708.8046875000;-155.1466369629;
46238.0976562500;-155.1668853760;
46773.5234375000;-155.1733398438;
47315.1484375000;-155.1578826904;
47862.9921875000;-155.1355133057;
48417.2304687500;-155.1140136719;
48977.8867187500;-155.1004638672;
49545.0390625000;-155.0999450684;
50118.7031250000;-155.1135864258;
50699.0625000000;-155.1256561279;
51286.1445312500;-155.1196899414;
51880.0234375000;-155.0897674561;
52480.7187500000;-155.0436706543;
53088.4335937500;-155.0009155273;
53703.1835937500;-154.9829254150;
54325.0507812500;-154.9975128174;
54954.0585937500;-155.0259246826;
55590.4101562500;-155.0268859863;
56234.1328125000;-154.9843139648;
56885.3085937500;-154.9348907471;
57544.0234375000;-154.9178771973;
58210.3046875000;-154.9322662354;
58884.3632812500;-154.9487152100;
59566.2265625000;-154.9512023926;
60255.9882812500;-154.9436035156;
60953.6679687500;-154.9276428223;
61659.4960937500;-154.8922271729;
62373.4960937500;-154.8390197754;
63095.7617187500;-154.7887725830;
63826.3242187500;-154.7652587891;
64565.4140625000;-154.7762451172;
65313.0625000000;-154.8078765869;
66069.3671875000;-154.8383789062;
66834.3593750000;-154.8672943115;
67608.2890625000;-154.8931427002;
68391.1718750000;-154.9090118408;
69183.1250000000;-154.9229888916;
69984.1640625000;-154.9383239746;
70794.5625000000;-154.9459381104;
71614.3437500000;-154.8906860352;
72443.6171875000;-154.7989196777;
73282.4140625000;-154.7824401855;
74131.0078125000;-154.8068237305;
74989.4218750000;-154.8194427490;
75857.7812500000;-154.7676239014;
76736.1875000000;-154.7214050293;
77624.6875000000;-154.6799011230;
78523.5625000000;-154.6811676025;
79432.8437500000;-154.7173614502;
80352.6484375000;-154.7983093262;
81283.0234375000;-154.8673095703;
82224.2578125000;-154.8852539062;
83176.3906250000;-154.8508758545;
84139.5546875000;-154.7721557617;
85113.7734375000;-154.7268981934;
86099.3671875000;-154.7487945557;
87096.3671875000;-154.7917022705;
88104.9218750000;-154.8183593750;
89125.0546875000;-154.8336944580;
90157.1015625000;-154.8247528076;
91201.0937500000;-154.7699584961;
92257.1718750000;-154.7318115234;
93325.3828125000;-154.7585449219;
94406.0703125000;-154.7718658447;
95499.2656250000;-154.7715911865;
96605.1171875000;-154.7821655273;
97723.6718750000;-154.7658538818;
98855.2812500000;-154.7946166992;
100000.0000000000;-154.8894195557;
101157.9687500000;-154.8828277588;
102329.3515625000;-154.8706970215;
103514.1875000000;-154.8533325195;
104712.8515625000;-154.8391571045;
105925.3984375000;-154.8276214600;
107151.9843750000;-154.8311767578;
108392.6562500000;-154.8414916992;
109647.8125000000;-154.8599700928;
110917.5000000000;-154.8774719238;
112201.8984375000;-154.8905334473;
113501.0390625000;-154.8898620605;
114815.3437500000;-154.8743438721;
116144.8750000000;-154.8498382568;
117489.8046875000;-154.8143310547;
118850.1718750000;-154.7792510986;
120226.4218750000;-154.7457580566;
121618.6093750000;-154.7205963135;
123026.9218750000;-154.7047576904;
124451.3984375000;-154.6968688965;
125892.5156250000;-154.7000579834;
127350.3125000000;-154.7129516602;
128824.9921875000;-154.7305755615;
130316.6093750000;-154.7518920898;
131825.6406250000;-154.7758941650;
133352.1406250000;-154.8008728027;
134896.3281250000;-154.8238983154;
136458.3906250000;-154.8416137695;
138038.3906250000;-154.8415985107;
139636.8281250000;-154.8192901611;
141253.7812500000;-154.7807922363;
142889.4687500000;-154.7317962646;
144543.9218750000;-154.6805419922;
146217.7031250000;-154.6386108398;
147910.8593750000;-154.6140594482;
149623.6250000000;-154.6127624512;
151356.0625000000;-154.6393890381;
153108.7187500000;-154.6944732666;
154881.6875000000;-154.7724151611;
156675.1718750000;-154.8610687256;
158489.2500000000;-154.9447784424;
160324.5156250000;-155.0169982910;
162181.0312500000;-155.0791778564;
164059.0312500000;-155.1338348389;
165958.6093750000;-155.1822357178;
167880.3593750000;-155.2274169922;
169824.3750000000;-155.2781066895;
171790.8906250000;-155.3455657959;
173779.9843750000;-155.4318542480;
175792.3125000000;-155.5230255127;
177827.9375000000;-155.5743255615;
179887.1406250000;-155.6354217529;
181970.1875000000;-155.6726226807;
184077.1406250000;-155.6928710938;
186208.7031250000;-155.7058715820;
188364.9531250000;-155.7399902344;
190546.1562500000;-155.8040161133;
192752.4218750000;-155.8943634033;
194984.4375000000;-155.9876556396;
197242.3125000000;-156.0640258789;
199526.3125000000;-156.1185607910;
201836.5625000000;-156.1585693359;
204173.7656250000;-156.1941986084;
206538.0468750000;-156.2430572510;
208929.7031250000;-156.2635955811;
211348.8125000000;-156.2435760498;
213796.1718750000;-156.2056427002;
216271.8750000000;-156.1648406982;
218776.2343750000;-156.1191711426;
221309.3593750000;-156.1096649170;
223872.0625000000;-156.1493988037;
226464.4375000000;-156.2269134521;
229086.8281250000;-156.3595123291;
231739.3437500000;-156.4458312988;
234422.8125000000;-156.4641113281;
237137.3750000000;-156.4761199951;
239883.3593750000;-156.5031433105;
242661.1406250000;-156.5256195068;
245470.8125000000;-156.5319061279;
248313.2968750000;-156.5353240967;
251188.7031250000;-156.6040191650;
254097.3906250000;-156.6896362305;
257039.4843750000;-156.6915893555;
260015.9375000000;-156.6296386719;
263026.8437500000;-156.5879974365;
266072.6250000000;-156.6161041260;
269153.3750000000;-156.6959686279;
272270.0937500000;-156.7667541504;
275422.9062500000;-156.8224334717;
278612.2187500000;-156.8850860596;
281838.1562500000;-156.9491119385;
285101.7812500000;-156.9820556641;
288403.1875000000;-156.9398193359;
291742.8125000000;-156.8705596924;
295120.7812500000;-156.9000701904;
298538.1875000000;-156.9820098877;
301995.1875000000;-157.0985717773;
305492.2187500000;-157.1319122314;
309029.3750000000;-157.1620483398;
312607.8437500000;-157.1897277832;
316227.7812500000;-157.2131500244;
319889.5937500000;-157.2317504883;
323593.8125000000;-157.2478332520;
327340.5937500000;-157.2546234131;
331131.0937500000;-157.2561492920;
334965.5000000000;-157.2499694824;
338844.3125000000;-157.2364044189;
342767.6562500000;-157.2220001221;
346736.8125000000;-157.2102508545;
350751.9375000000;-157.2099609375;
354813.5312500000;-157.2186279297;
358921.7812500000;-157.2443695068;
363078.0000000000;-157.2822570801;
367282.3437500000;-157.3260345459;
371535.3750000000;-157.3727722168;
375837.2500000000;-157.4111938477;
380189.3437500000;-157.4425354004;
384591.8125000000;-157.4661254883;
389045.2812500000;-157.4868774414;
393549.8750000000;-157.5133514404;
398107.0937500000;-157.5466308594;
402717.0625000000;-157.5884704590;
407380.4062500000;-157.6331176758;
412097.3125000000;-157.6665954590;
416869.2812500000;-157.6818542480;
421696.5000000000;-157.6732177734;
426579.6250000000;-157.6381988525;
431519.3125000000;-157.5974884033;
436515.6875000000;-157.5669708252;
441570.4375000000;-157.5533294678;
446683.6875000000;-157.5580139160;
451856.1562500000;-157.5764160156;
457088.0312500000;-157.6022644043;
462380.9687500000;-157.6311950684;
467735.2187500000;-157.6620178223;
473151.4687500000;-157.6941986084;
478629.9062500000;-157.7279052734;
484172.3125000000;-157.7642059326;
489778.8750000000;-157.8040008545;
495450.3750000000;-157.8461761475;
501187.0000000000;-157.8864288330;
506990.6250000000;-157.9191894531;
512861.4375000000;-157.9433746338;
518800.2187500000;-157.9667510986;
524807.1875000000;-158.0016479492;
530884.3125000000;-158.0547790527;
537031.8125000000;-158.1194305420;
543250.5000000000;-158.1856384277;
549540.5625000000;-158.2451782227;
555904.1250000000;-158.2946777344;
562341.3125000000;-158.3320159912;
568853.0625000000;-158.3537292480;
575440.2500000000;-158.3603668213;
582103.0625000000;-158.3621978760;
588843.6250000000;-158.3830261230;
595662.2500000000;-158.4151916504;
602559.8750000000;-158.4286041260;
609536.6875000000;-158.4387207031;
616594.9375000000;-158.4595947266;
623734.9375000000;-158.5008544922;
630957.6250000000;-158.5560302734;
638263.2500000000;-158.6025543213;
645654.1250000000;-158.5572967529;
653130.6250000000;-158.4871215820;
660693.6875000000;-158.4412689209;
668343.6250000000;-158.4547882080;
676082.8750000000;-158.4667968750;
683911.6875000000;-158.4147491455;
691831.1875000000;-158.2932586670;
699841.6875000000;-158.2374267578;
707945.6250000000;-158.2819061279;
716143.4375000000;-158.4349670410;
724436.1875000000;-158.6022796631;
732824.1250000000;-158.6798095703;
741310.0625000000;-158.7189788818;
749894.1875000000;-158.7005310059;
758577.7500000000;-158.6532287598;
767361.8750000000;-158.6234893799;
776246.8750000000;-158.6375427246;
785235.6250000000;-158.6894073486;
794328.4375000000;-158.7156372070;
803526.5000000000;-158.6780395508;
812830.2500000000;-158.6261749268;
822242.5625000000;-158.6370849609;
831763.9375000000;-158.7689666748;
841395.5000000000;-158.8744964600;
851137.6875000000;-158.8886871338;
860993.6250000000;-158.8137207031;
870963.6875000000;-158.6647644043;
881049.2500000000;-158.5373535156;
891250.5625000000;-158.5538177490;
901571.0000000000;-158.5611114502;
912010.9375000000;-158.4621734619;
922571.7500000000;-158.3864135742;
933253.8750000000;-158.3715362549;
944060.6875000000;-158.3868408203;
954992.6250000000;-158.4549560547;
966051.1875000000;-158.4889831543;
977236.6875000000;-158.5230560303;
988552.8125000000;-158.6308135986;
1000000.0000000000;-158.7566680908;
