Window;1;Noise Spectrum;
Trace;1;
1.0000000000;-86.3739852905;
1.0115795135;-86.1929244995;
1.0232930183;-86.0577545166;
1.0351421833;-85.9659271240;
1.0471285582;-85.8740997314;
1.0592536926;-85.7822799683;
1.0715192556;-85.6904525757;
1.0839269161;-85.6197814941;
1.0964782238;-85.6131057739;
1.1091748476;-85.6064300537;
1.1220184565;-85.5997467041;
1.1350108385;-85.5930709839;
1.1481536627;-85.6212463379;
1.1614485979;-85.7373962402;
1.1748975515;-85.8535537720;
1.1885021925;-85.9697036743;
1.2022644281;-86.0858535767;
1.2161860466;-86.3030014038;
1.2302688360;-86.5910415649;
1.2445145845;-86.8790817261;
1.2589254379;-87.1671295166;
1.2735030651;-87.4792709351;
1.2882494926;-87.9495162964;
1.3031667471;-88.4197692871;
1.3182567358;-88.8900146484;
1.3335214853;-89.3602676392;
1.3489629030;-89.8618621826;
1.3645831347;-90.3671569824;
1.3803843260;-90.8724517822;
1.3963683844;-91.3777465820;
1.4125375748;-91.5629119873;
1.4288939238;-91.6932220459;
1.4454398155;-91.8235321045;
1.4621771574;-91.9538345337;
1.4791084528;-91.6495513916;
1.4962356091;-91.3420562744;
1.5135612488;-91.0345611572;
1.5310875177;-90.7200164795;
1.5488165617;-90.3887023926;
1.5667510033;-90.0573806763;
1.5848932266;-89.7260665894;
1.6032453775;-89.5441589355;
1.6218100786;-89.4120025635;
1.6405898333;-89.2798385620;
1.6595869064;-89.2257995605;
1.6788040400;-89.3210220337;
1.6982436180;-89.4162445068;
1.7179083824;-89.5175323486;
1.7378008366;-89.7053222656;
1.7579236031;-89.8931121826;
1.7782794237;-90.0809020996;
1.7988709211;-90.0583114624;
1.8197008371;-90.0140533447;
1.8407719135;-89.9697952271;
1.8620871305;-89.6199493408;
1.8836491108;-89.2197952271;
1.9054607153;-88.8196411133;
1.9275249243;-88.3757019043;
1.9498445988;-87.9276504517;
1.9724227190;-87.4947357178;
1.9952623844;-87.2764663696;
2.0183663368;-87.0581970215;
2.0417380333;-86.9506378174;
2.0653800964;-87.0915451050;
2.0892961025;-87.2324600220;
2.1134889126;-87.6371002197;
2.1379621029;-88.1930465698;
2.1627185345;-88.7612762451;
2.1877615452;-89.6066894531;
2.2130947113;-90.4521102905;
2.2387211323;-91.0545349121;
2.2646441460;-91.4367675781;
2.2908678055;-91.7466430664;
2.3173947334;-91.1979598999;
2.3442287445;-90.6492767334;
2.3713736534;-90.0816955566;
2.3988327980;-89.5059356689;
2.4266099930;-89.1162033081;
2.4547088146;-89.0280609131;
2.4831330776;-89.0207290649;
2.5118863583;-89.5775299072;
2.5409727097;-90.1343383789;
2.5703957081;-91.4295196533;
2.6001594067;-92.7835159302;
2.6302678585;-94.2538909912;
2.6607251167;-95.7568130493;
2.6915347576;-95.2090606689;
2.7227013111;-93.7329940796;
2.7542285919;-91.9294967651;
2.7861211300;-89.9453964233;
2.8183827400;-88.4961090088;
2.8510184288;-87.3376998901;
2.8840315342;-86.6906661987;
2.9174270630;-86.2672500610;
2.9512093067;-86.3602676392;
2.9853825569;-86.5933456421;
3.0199515820;-87.3813934326;
3.0549211502;-88.2596817017;
3.0902955532;-89.5536346436;
3.1260793209;-90.8449859619;
3.1622776985;-92.1302871704;
3.1988949776;-93.0539627075;
3.2359364033;-93.6747970581;
3.2734067440;-93.6994171143;
3.3113110065;-93.5159988403;
3.3496541977;-92.8255615234;
3.3884413242;-91.8624420166;
3.4276781082;-90.6075057983;
3.4673686028;-89.2090911865;
3.5075187683;-87.8618927002;
3.5481340885;-86.7210922241;
3.5892193317;-85.9303054810;
3.6307804585;-85.3830032349;
3.6728229523;-85.3171539307;
3.7153522968;-85.6444549561;
3.7583739758;-86.2855224609;
3.8018937111;-87.4448089600;
3.8459177017;-89.0600357056;
3.8904511929;-91.0171279907;
3.9355010986;-93.3853378296;
3.9810719490;-95.5833282471;
4.0271706581;-96.8570175171;
4.0738029480;-96.9765014648;
4.1209754944;-95.8342285156;
4.1686940193;-94.6095809937;
4.2169651985;-93.4296264648;
4.2657952309;-92.3773345947;
4.3151907921;-91.5591278076;
4.3651580811;-91.1111450195;
4.4157042503;-91.0762252808;
4.4668354988;-91.4814071655;
4.5185589790;-92.2759704590;
4.5708823204;-93.0848770142;
4.6238102913;-93.0445251465;
4.6773514748;-92.3363723755;
4.7315125465;-91.4285354614;
4.7863011360;-90.7422027588;
4.8417239189;-90.4563598633;
4.8977880478;-90.5498580933;
4.9545016289;-90.9937820435;
5.0118722916;-91.8163833618;
5.0699067116;-93.1729202271;
5.1286134720;-95.3419265747;
5.1880002022;-98.7246627808;
5.2480750084;-102.6027145386;
5.3088445663;-102.7821807861;
5.3703184128;-99.3769302368;
5.4325037003;-96.4476928711;
5.4954090118;-94.8928222656;
5.5590424538;-94.3821105957;
5.6234130859;-94.2614974976;
5.6885290146;-94.4791488647;
5.7543992996;-94.5212860107;
5.8210320473;-94.4017791748;
5.8884363174;-94.6855010986;
5.9566211700;-95.3068161011;
6.0255956650;-95.8920211792;
6.0953693390;-95.8451004028;
6.1659502983;-95.0025024414;
6.2373485565;-93.9242324829;
6.3095736504;-93.2879562378;
6.3826351166;-93.5391616821;
6.4565424919;-96.0170745850;
6.5313053131;-99.6780166626;
6.6069345474;-98.6741027832;
6.6834387779;-96.4078445435;
6.7608294487;-94.8581924438;
6.8391160965;-94.1451034546;
6.9183092117;-94.5196228027;
6.9984202385;-95.0946807861;
7.0794582367;-95.6844024658;
7.1614346504;-96.6400146484;
7.2443599701;-97.9797363281;
7.3282456398;-98.5790252686;
7.4131026268;-96.6029663086;
7.4989418983;-93.9558334351;
7.5857758522;-92.9731521606;
7.6736145020;-93.8810119629;
7.7624707222;-95.8298645020;
7.8523559570;-100.4676208496;
7.9432821274;-103.5608444214;
8.0352611542;-98.5140914917;
8.1283054352;-95.0840530396;
8.2224273682;-92.5303802490;
8.3176383972;-90.8709106445;
8.4139518738;-90.5336837769;
8.5113801956;-91.2782897949;
8.6099376678;-92.5055618286;
8.7096357346;-93.2676010132;
8.8104887009;-93.6557617188;
8.9125089645;-94.5924224854;
9.0157108307;-95.4813842773;
9.1201076508;-96.5705795288;
9.2257137299;-98.4839324951;
9.3325433731;-98.3287353516;
9.4406089783;-96.6481781006;
9.5499258041;-95.2367706299;
9.6605091095;-94.7967147827;
9.7723722458;-95.5230255127;
9.8855314255;-96.4077758789;
10.0000000000;-95.4495697021;
10.1157941818;-95.8148117065;
10.2329292297;-96.2044677734;
10.3514213562;-96.5871810913;
10.4712848663;-96.9207305908;
10.5925369263;-97.1651687622;
10.7151927948;-97.3002624512;
10.8392686844;-97.3375320435;
10.9647808075;-97.3172760010;
11.0917472839;-97.2919921875;
11.2201833725;-97.2928848267;
11.3501071930;-97.3563613892;
11.4815349579;-97.4818038940;
11.6144876480;-97.6330718994;
11.7489767075;-97.7372131348;
11.8850231171;-97.5784072876;
12.0226459503;-97.0189971924;
12.1618614197;-96.4708404541;
12.3026885986;-95.9348831177;
12.4451465607;-95.5162277222;
12.5892543793;-95.2874374390;
12.7350311279;-95.2923126221;
12.8824958801;-95.5546875000;
13.0316677094;-96.4597244263;
13.1825675964;-97.8742752075;
13.3352146149;-98.9719314575;
13.4896287918;-99.9084701538;
13.6458311081;-100.3337249756;
13.8038425446;-99.7237548828;
13.9636831284;-98.5920257568;
14.1253747940;-97.9217453003;
14.2889385223;-97.3314971924;
14.4543962479;-97.1005401611;
14.6217708588;-97.0691146851;
14.7910823822;-97.0420761108;
14.9623546600;-96.9616317749;
15.1356105804;-96.9227905273;
15.3108730316;-97.0826416016;
15.4881677628;-97.3814086914;
15.6675128937;-97.5529403687;
15.8489332199;-97.5224990845;
16.0324554443;-97.1873397827;
16.2181015015;-96.7248153687;
16.4058990479;-96.3638992310;
16.5958709717;-96.1694030762;
16.7880401611;-96.0688018799;
16.9824371338;-96.0715179443;
17.1790847778;-96.2110366821;
17.3780078888;-96.5831375122;
17.5792369843;-97.2872543335;
17.7827949524;-97.7476577759;
17.9887084961;-97.8889770508;
18.1970081329;-97.7933273315;
18.4077186584;-97.6005249023;
18.6208705902;-97.4830017090;
18.8364906311;-97.5732192993;
19.0546054840;-97.8102340698;
19.2752475739;-98.1289901733;
19.4984436035;-98.2433319092;
19.7242259979;-98.2357101440;
19.9526214600;-98.2509307861;
20.1836605072;-98.1588287354;
20.4173774719;-97.5974426270;
20.6538047791;-96.7645797729;
20.8929634094;-96.3493423462;
21.1348934174;-96.6413726807;
21.3796234131;-97.2954864502;
21.6271877289;-97.5515441895;
21.8776187897;-97.1844787598;
22.1309490204;-96.7695541382;
22.3872127533;-96.7206039429;
22.6464443207;-96.9857940674;
22.9086780548;-97.3077163696;
23.1739463806;-97.6126327515;
23.4422893524;-98.0371322632;
23.7137374878;-98.4728851318;
23.9883289337;-98.4972381592;
24.2660999298;-98.1395339966;
24.5470886230;-98.0835494995;
24.8313293457;-98.7915954590;
25.1188621521;-99.4154129028;
25.4097251892;-99.5879898071;
25.7039566040;-99.9881973267;
26.0015926361;-101.5081405640;
26.3026771545;-103.1740570068;
26.6072483063;-102.0015945435;
26.9153442383;-100.0083007812;
27.2270088196;-98.5304031372;
27.5422897339;-98.0006790161;
27.8612155914;-97.8038101196;
28.1838321686;-97.6662521362;
28.5101852417;-98.1207351685;
28.8403167725;-99.6879882812;
29.1742725372;-100.8459167480;
29.5120944977;-100.4695510864;
29.8538284302;-99.1795272827;
30.1995182037;-98.4063796997;
30.5492115021;-98.1413650513;
30.9029541016;-97.8956451416;
31.2607936859;-97.6979064941;
31.6227760315;-97.5489349365;
31.9889507294;-97.4733352661;
32.3593635559;-97.4817123413;
32.7340698242;-97.5477447510;
33.1131095886;-97.6703262329;
33.4965438843;-97.8597564697;
33.8844146729;-98.1046295166;
34.2767753601;-98.3901748657;
34.6736831665;-98.7081069946;
35.0751838684;-99.0445709229;
35.4813346863;-99.3519134521;
35.8921890259;-99.5962600708;
36.3078002930;-99.7621994019;
36.7282333374;-99.8468322754;
37.1535263062;-99.8641433716;
37.5837440491;-99.8447494507;
38.0189437866;-99.8275299072;
38.4591827393;-99.8258209229;
38.9045181274;-99.8411941528;
39.3550109863;-99.8687591553;
39.8107185364;-99.9026489258;
40.2717056274;-99.9420318604;
40.7380294800;-99.9924468994;
41.2097511292;-100.0564651489;
41.6869392395;-100.1175842285;
42.1696510315;-100.1425476074;
42.6579513550;-100.1128005981;
43.1519050598;-100.0400543213;
43.6515808105;-99.9572677612;
44.1570434570;-99.8943786621;
44.6683578491;-99.8576736450;
45.1855926514;-99.8514099121;
45.7088165283;-99.8401489258;
46.2380981445;-99.7900161743;
46.7735099792;-99.6659240723;
47.3151206970;-99.4494323730;
47.8630027771;-99.1516799927;
48.4172286987;-98.8077774048;
48.9778900146;-98.4632415771;
49.5450248718;-98.1674423218;
50.1187286377;-97.9386978149;
50.6990776062;-97.9839324951;
51.2861442566;-98.1546020508;
51.8800086975;-98.3403778076;
52.4807510376;-98.4726486206;
53.0884475708;-98.5413589478;
53.7031822205;-98.6306076050;
54.3250350952;-98.7683715820;
54.9540901184;-98.8227844238;
55.5904273987;-98.7642898560;
56.2341308594;-98.5016403198;
56.8852920532;-98.3000793457;
57.5439910889;-98.3142929077;
58.2103195190;-98.4755554199;
58.8843612671;-98.6230468750;
59.5662117004;-98.7059402466;
60.2559547424;-98.9626159668;
60.9536857605;-99.3807678223;
61.6594963074;-99.6614151001;
62.3734779358;-99.8808441162;
63.0957260132;-99.9293212891;
63.8263397217;-100.0006866455;
64.5654144287;-100.1807479858;
65.3130645752;-100.2467727661;
66.0693511963;-99.8737411499;
66.8343963623;-98.8833160400;
67.6083068848;-97.7928543091;
68.3911743164;-96.9846496582;
69.1831054688;-96.5988693237;
69.9842071533;-96.6313400269;
70.7945785522;-96.7954788208;
71.6143417358;-96.9414901733;
72.4435958862;-97.0877227783;
73.2824554443;-97.1474609375;
74.1310272217;-97.1637954712;
74.9894180298;-97.1026153564;
75.8577575684;-96.7524337769;
76.7361450195;-96.3888473511;
77.6247100830;-96.0866851807;
78.5235595703;-95.7339782715;
79.4328155518;-95.4257888794;
80.3526077271;-95.3617858887;
81.2830429077;-95.6717529297;
82.2242584229;-96.6701126099;
83.1763687134;-97.8159332275;
84.1395034790;-97.8109207153;
85.1137924194;-96.8021850586;
86.0993652344;-95.7682800293;
87.0963668823;-94.9351730347;
88.1048965454;-94.4388656616;
89.1251068115;-94.3311386108;
90.1571197510;-94.5253524780;
91.2010955811;-94.8992614746;
92.2571487427;-95.2124557495;
93.3254394531;-95.3065185547;
94.4060897827;-95.3515319824;
95.4992599487;-95.2751312256;
96.6050872803;-94.4324645996;
97.7237243652;-93.4580154419;
98.8553085327;-93.2677230835;
100.0000000000;-94.1650085449;
101.1579742432;-94.0932159424;
102.3292999268;-93.9958496094;
103.5142440796;-93.8743057251;
104.7128524780;-93.7094955444;
105.9253921509;-93.5352096558;
107.1519241333;-93.3754348755;
108.3927154541;-93.2615051270;
109.6478118896;-93.2029342651;
110.9175033569;-93.2569961548;
112.2018356323;-93.3593521118;
113.5010986328;-93.5432357788;
114.8153457642;-93.7571258545;
116.1448745728;-93.9854278564;
117.4897384644;-94.2115173340;
118.8502349854;-94.4291305542;
120.2264251709;-94.6410522461;
121.6186141968;-94.8496780396;
123.0268554688;-95.0639419556;
124.4514694214;-95.2849197388;
125.8925170898;-95.5184478760;
127.3503112793;-95.7673645020;
128.8249206543;-96.0281066895;
130.3166809082;-96.3020248413;
131.8256378174;-96.6028900146;
133.3521423340;-96.9285812378;
134.8963165283;-97.2662200928;
136.4583129883;-97.6030426025;
138.0384674072;-97.8942031860;
139.6368255615;-98.1219482422;
141.2537841797;-98.3153076172;
142.8893890381;-98.5030441284;
144.5440063477;-98.7212066650;
146.2176971436;-99.0015106201;
147.9108581543;-99.3001174927;
149.6235504150;-99.5687484741;
151.3561553955;-99.7838516235;
153.1087188721;-99.9505233765;
154.8816833496;-100.1037826538;
156.6750793457;-100.2845764160;
158.4893341064;-100.4883041382;
160.3245086670;-100.6510391235;
162.1810302734;-100.7389984131;
164.0589447021;-100.7808456421;
165.9586944580;-100.8488540649;
167.8803710938;-101.0101928711;
169.8243713379;-101.2873229980;
171.7908020020;-101.6544494629;
173.7800903320;-102.0679244995;
175.7923126221;-102.4993743896;
177.8279418945;-102.7602691650;
179.8871459961;-103.2036056519;
181.9700775146;-103.6293029785;
184.0772399902;-103.9880752563;
186.2087097168;-104.2561111450;
188.3649444580;-104.2513275146;
190.5460662842;-104.1801147461;
192.7525329590;-104.1623992920;
194.9844360352;-104.2353210449;
197.2423095703;-104.3799133301;
199.5262145996;-104.5474929810;
201.8366699219;-104.7167358398;
204.1737670898;-104.9202499390;
206.5380401611;-105.3431472778;
208.9295806885;-105.7252120972;
211.3489227295;-105.7791900635;
213.7961730957;-105.6731338501;
216.2718658447;-105.4944763184;
218.7761230469;-105.2679901123;
221.3094787598;-105.2198944092;
223.8720703125;-105.3842544556;
226.4644470215;-105.6955718994;
229.0867156982;-106.2414855957;
231.7394714355;-106.7110366821;
234.4228210449;-107.0144271851;
237.1373748779;-107.5803680420;
239.8833618164;-108.1167602539;
242.6610107422;-108.2633972168;
245.4709472656;-108.1188888550;
248.3132934570;-107.8800430298;
251.1887054443;-107.9670028687;
254.0972595215;-108.3955764771;
257.0396423340;-108.8421173096;
260.0159301758;-109.0293655396;
263.0268554688;-109.0346374512;
266.0724792480;-109.0776214600;
269.1535339355;-109.1380157471;
272.2700805664;-108.9957809448;
275.4229125977;-108.4853515625;
278.6120605469;-108.0500564575;
281.8383178711;-108.1442642212;
285.1017761230;-108.5958938599;
288.4031677246;-109.1596679688;
291.7426452637;-109.8162612915;
295.1209411621;-110.0191421509;
298.5382080078;-109.9931564331;
301.9951782227;-109.8633651733;
305.4920349121;-109.9657211304;
309.0295410156;-109.9896316528;
312.6078491211;-110.0029678345;
316.2277526855;-109.9684600830;
319.8895874023;-109.9352111816;
323.5936584473;-109.9047546387;
327.3407592773;-109.9044189453;
331.1311035156;-109.9361572266;
334.9655151367;-110.0253448486;
338.8441467285;-110.1399383545;
342.7678527832;-110.3097305298;
346.7368164062;-110.4861984253;
350.7519226074;-110.6736755371;
354.8133544922;-110.8571166992;
358.9219970703;-111.0370330811;
363.0780029297;-111.2216186523;
367.2823486328;-111.4077835083;
371.5351867676;-111.5966262817;
375.8374328613;-111.7557983398;
380.1893310547;-111.8913116455;
384.5918273926;-111.9470138550;
389.0450744629;-111.9612579346;
393.5501098633;-111.9406738281;
398.1070861816;-111.8812408447;
402.7170410156;-111.8103103638;
407.3801879883;-111.7317352295;
412.0975341797;-111.6646499634;
416.8692626953;-111.6356048584;
421.6965026855;-111.6419982910;
426.5796203613;-111.6965484619;
431.5190734863;-111.7765350342;
436.5159301758;-111.8645629883;
441.5704345703;-111.9601974487;
446.6836853027;-112.0756835938;
451.8559265137;-112.2079238892;
457.0882873535;-112.3300628662;
462.3809814453;-112.4266815186;
467.7352294922;-112.4808044434;
473.1512145996;-112.5087814331;
478.6301574707;-112.5431823730;
484.1723022461;-112.5934448242;
489.7788696289;-112.6681289673;
495.4501037598;-112.7743148804;
501.1872863770;-112.9141235352;
506.9906311035;-113.0404357910;
512.8614501953;-113.1129226685;
518.7999267578;-113.1354598999;
524.8074951172;-113.1486358643;
530.8843383789;-113.2021408081;
537.0317993164;-113.3126754761;
543.2501831055;-113.4396286011;
549.5408935547;-113.5121841431;
555.9041137695;-113.4950637817;
562.3413085938;-113.4340515137;
568.8530883789;-113.4063339233;
575.4399414062;-113.4764251709;
582.1033325195;-113.6740188599;
588.8436279297;-113.9626159668;
595.6622924805;-114.2800292969;
602.5595703125;-114.4131622314;
609.5369873047;-114.4384078979;
616.5949707031;-114.4425582886;
623.7349243164;-114.4545211792;
630.9572753906;-114.4398880005;
638.2636108398;-114.3969268799;
645.6541137695;-114.3844299316;
653.1306152344;-114.4418945312;
660.6933593750;-114.5450668335;
668.3439941406;-114.6887588501;
676.0828857422;-114.7827682495;
683.9116821289;-114.8129501343;
691.8308105469;-114.8305206299;
699.8420410156;-114.8514328003;
707.9456176758;-114.8958969116;
716.1434326172;-115.0204086304;
724.4357910156;-115.1273117065;
732.8245239258;-115.1481094360;
741.3100585938;-115.1702804565;
749.8942260742;-115.2582855225;
758.5777587891;-115.3149871826;
767.3614501953;-115.3069305420;
776.2473144531;-115.3563232422;
785.2355957031;-115.4938888550;
794.3284301758;-115.5734405518;
803.5260620117;-115.5360870361;
812.8306884766;-115.3702316284;
822.2425537109;-115.2787170410;
831.7639160156;-115.2557601929;
841.3950195312;-115.2658920288;
851.1381835938;-115.2412796021;
860.9936523438;-115.2129440308;
870.9636840820;-115.1974182129;
881.0487670898;-115.1656417847;
891.2510375977;-115.1071701050;
901.5709838867;-115.0791168213;
912.0109252930;-115.2098388672;
922.5712280273;-115.4695510864;
933.2543334961;-115.6891326904;
944.0606689453;-115.7213287354;
954.9926147461;-115.5578384399;
966.0506591797;-115.4520721436;
977.2372436523;-115.5170440674;
988.5528564453;-115.7266540527;
1000.0000000000;-115.8741989136;
1011.5797119141;-115.9232330322;
1023.2929687500;-115.9643859863;
1035.1424560547;-115.9981002808;
1047.1285400391;-116.0201568604;
1059.2539062500;-116.0380630493;
1071.5192871094;-116.0465850830;
1083.9271240234;-116.0533370972;
1096.4781494141;-116.0579528809;
1109.1750488281;-116.0657958984;
1122.0183105469;-116.0762863159;
1135.0109863281;-116.0931854248;
1148.1534423828;-116.1146240234;
1161.4487304688;-116.1387557983;
1174.8973388672;-116.1659317017;
1188.5023193359;-116.1967773438;
1202.2642822266;-116.2317504883;
1216.1861572266;-116.2786636353;
1230.2685546875;-116.3376388550;
1244.5146484375;-116.4044342041;
1258.9251708984;-116.4777679443;
1273.5031738281;-116.5436859131;
1288.2492675781;-116.6008071899;
1303.1667480469;-116.6484298706;
1318.2563476562;-116.6930770874;
1333.5214843750;-116.7504196167;
1348.9632568359;-116.8215332031;
1364.5831298828;-116.9066009521;
1380.3846435547;-116.9961395264;
1396.3682861328;-117.0688171387;
1412.5378417969;-117.1180114746;
1428.8939208984;-117.1413192749;
1445.4400634766;-117.1412124634;
1462.1770019531;-117.1288070679;
1479.1086425781;-117.1204376221;
1496.2354736328;-117.1167755127;
1513.5615234375;-117.1124114990;
1531.0872802734;-117.1014175415;
1548.8167724609;-117.0832672119;
1566.7508544922;-117.0692367554;
1584.8933105469;-117.0824050903;
1603.2451171875;-117.1283111572;
1621.8101806641;-117.1990890503;
1640.5894775391;-117.2802810669;
1659.5870361328;-117.3579483032;
1678.8035888672;-117.4235992432;
1698.2437744141;-117.4746093750;
1717.9079589844;-117.5110931396;
1737.8009033203;-117.5327758789;
1757.9230957031;-117.5385437012;
1778.2794189453;-117.5360946655;
1798.8713378906;-117.5168762207;
1819.7008056641;-117.4889602661;
1840.7724609375;-117.4640274048;
1862.0870361328;-117.4650726318;
1883.6495361328;-117.5134887695;
1905.4605712891;-117.5597229004;
1927.5252685547;-117.5973739624;
1949.8444824219;-117.6207962036;
1972.4230957031;-117.6359252930;
1995.2620849609;-117.6545333862;
2018.3666992188;-117.6851272583;
2041.7376708984;-117.7264633179;
2065.3803710938;-117.7813415527;
2089.2958984375;-117.7947235107;
2113.4892578125;-117.7671051025;
2137.9616699219;-117.7319030762;
2162.7187500000;-117.7246322632;
2187.7612304688;-117.8244934082;
2213.0949707031;-117.9970169067;
2238.7207031250;-118.0897674561;
2264.6442871094;-118.1274108887;
2290.8671875000;-118.0898132324;
2317.3947753906;-118.0045318604;
2344.2282714844;-117.9394989014;
2371.3737792969;-117.8548812866;
2398.8334960938;-117.7939147949;
2426.6101074219;-117.7801971436;
2454.7094726562;-117.8304824829;
2483.1330566406;-117.9428558350;
2511.8869628906;-118.0617752075;
2540.9726562500;-118.1393051147;
2570.3962402344;-118.1535339355;
2600.1594238281;-118.1293182373;
2630.2685546875;-118.0763931274;
2660.7248535156;-118.0295715332;
2691.5351562500;-118.0307922363;
2722.7009277344;-118.0800781250;
2754.2290039062;-118.1707916260;
2786.1208496094;-118.2474517822;
2818.3833007812;-118.2694931030;
2851.0178222656;-118.2760009766;
2884.0317382812;-118.2794647217;
2917.4265136719;-118.2421646118;
2951.2094726562;-118.2013702393;
2985.3820800781;-118.2177047729;
3019.9519042969;-118.3428726196;
3054.9204101562;-118.3747634888;
3090.2954101562;-118.3934097290;
3126.0786132812;-118.4074020386;
3162.2775878906;-118.4002609253;
3198.8959960938;-118.3856430054;
3235.9365234375;-118.3546066284;
3273.4077148438;-118.3217086792;
3311.3110351562;-118.2868576050;
3349.6550292969;-118.2642669678;
3388.4414062500;-118.2471084595;
3427.6784667969;-118.2527847290;
3467.3681640625;-118.2639083862;
3507.5192871094;-118.2891540527;
3548.1335449219;-118.3184509277;
3589.2199707031;-118.3513107300;
3630.7800292969;-118.3804473877;
3672.8234863281;-118.4050445557;
3715.3518066406;-118.4178085327;
3758.3745117188;-118.4162979126;
3801.8933105469;-118.4058685303;
3845.9182128906;-118.3805541992;
3890.4506835938;-118.3553085327;
3935.5009765625;-118.3310317993;
3981.0708007812;-118.3255233765;
4027.1704101562;-118.3348617554;
4073.8017578125;-118.3570785522;
4120.9750976562;-118.3907623291;
4168.6928710938;-118.4186019897;
4216.9648437500;-118.4385528564;
4265.7963867188;-118.4439544678;
4315.1904296875;-118.4366455078;
4365.1591796875;-118.4257965088;
4415.7041015625;-118.4140396118;
4466.8369140625;-118.4059677124;
4518.5590820312;-118.4006195068;
4570.8828125000;-118.3958587646;
4623.8095703125;-118.3914108276;
4677.3520507812;-118.3879547119;
4731.5122070312;-118.3859634399;
4786.3017578125;-118.3816909790;
4841.7231445312;-118.3775939941;
4897.7890625000;-118.3818206787;
4954.5009765625;-118.4083786011;
5011.8730468750;-118.4724044800;
5069.9062500000;-118.5475234985;
5128.6142578125;-118.5985260010;
5187.9995117188;-118.6074218750;
5248.0747070312;-118.5752182007;
5308.8432617188;-118.5195846558;
5370.3183593750;-118.4648818970;
5432.5019531250;-118.4296035767;
5495.4086914062;-118.4154663086;
5559.0410156250;-118.4051818848;
5623.4130859375;-118.3836822510;
5688.5307617188;-118.3605804443;
5754.3994140625;-118.3507995605;
5821.0336914062;-118.3467636108;
5888.4365234375;-118.3219680786;
5956.6225585938;-118.2571792603;
6025.5957031250;-118.1993179321;
6095.3701171875;-118.1759033203;
6165.9497070312;-118.1914367676;
6237.3496093750;-118.2281112671;
6309.5727539062;-118.2610626221;
6382.6357421875;-118.2711639404;
6456.5415039062;-118.2560272217;
6531.3061523438;-118.2278518677;
6606.9335937500;-118.1960678101;
6683.4399414062;-118.1337203979;
6760.8286132812;-118.0725097656;
6839.1171875000;-118.0705718994;
6918.3081054688;-118.1119766235;
6998.4204101562;-118.1796417236;
7079.4560546875;-118.2462997437;
7161.4345703125;-118.2980422974;
7244.3579101562;-118.3099060059;
7328.2456054688;-118.3181686401;
7413.1005859375;-118.3274154663;
7498.9418945312;-118.3032302856;
7585.7778320312;-118.2568359375;
7673.6147460938;-118.2479248047;
7762.4731445312;-118.2787628174;
7852.3559570312;-118.3238906860;
7943.2841796875;-118.3188171387;
8035.2607421875;-118.1948547363;
8128.3066406250;-118.0425949097;
8222.4257812500;-117.9981918335;
8317.6396484375;-118.0085983276;
8413.9501953125;-118.0416564941;
8511.3818359375;-118.0584869385;
8609.9365234375;-118.0365447998;
8709.6367187500;-118.0291748047;
8810.4873046875;-118.0719223022;
8912.5107421875;-118.1014251709;
9015.7099609375;-118.0783767700;
9120.1093750000;-118.0129013062;
9225.7128906250;-117.9287490845;
9332.5439453125;-117.8637771606;
9440.6064453125;-117.8743286133;
9549.9267578125;-117.9154052734;
9660.5068359375;-117.9036026001;
9772.3720703125;-117.8165817261;
9885.5283203125;-117.7032775879;
10000.0000000000;-117.7487411499;
10115.7968750000;-117.7241668701;
10232.9355468750;-117.6947555542;
10351.4189453125;-117.6607818604;
10471.2851562500;-117.6227264404;
10592.5400390625;-117.5842742920;
10715.1982421875;-117.5513076782;
10839.2656250000;-117.5248107910;
10964.7812500000;-117.5061187744;
11091.7500000000;-117.4971694946;
11220.1894531250;-117.4902877808;
11350.1035156250;-117.4836044312;
11481.5351562500;-117.4690017700;
11614.4873046875;-117.4482574463;
11748.9804687500;-117.4128723145;
11885.0166015625;-117.3693237305;
12022.6425781250;-117.3202819824;
12161.8613281250;-117.2678070068;
12302.6923828125;-117.2193450928;
12445.1396484375;-117.1761169434;
12589.2509765625;-117.1432571411;
12735.0312500000;-117.1234130859;
12882.4990234375;-117.1091384888;
13031.6611328125;-117.0977630615;
13182.5634765625;-117.0759506226;
13335.2138671875;-117.0375213623;
13489.6328125000;-116.9866943359;
13645.8388671875;-116.9272689819;
13803.8388671875;-116.8734436035;
13963.6826171875;-116.8395767212;
14125.3789062500;-116.8261184692;
14288.9462890625;-116.8308639526;
14454.3925781250;-116.8471298218;
14621.7705078125;-116.8571166992;
14791.0869140625;-116.8426895142;
14962.3632812500;-116.7998275757;
15135.6064453125;-116.7313766479;
15310.8730468750;-116.6464233398;
15488.1679687500;-116.5581893921;
15667.5166015625;-116.4791107178;
15848.9248046875;-116.4162597656;
16032.4511718750;-116.3613128662;
16218.1025390625;-116.3041992188;
16405.9042968750;-116.2419052124;
16595.8613281250;-116.1839218140;
16788.0371093750;-116.1466903687;
16982.4375000000;-116.1396255493;
17179.0898437500;-116.1550750732;
17378.0000000000;-116.1727905273;
17579.2324218750;-116.1738815308;
17782.7949218750;-116.1658096313;
17988.7148437500;-116.1246109009;
18197.0175781250;-116.0590133667;
18407.7148437500;-115.9762954712;
18620.8710937500;-115.8403244019;
18836.4941406250;-115.7192382812;
19054.6171875000;-115.6653747559;
19275.2421875000;-115.6305389404;
19498.4433593750;-115.5974884033;
19724.2304687500;-115.5520401001;
19952.6328125000;-115.4959259033;
20183.6562500000;-115.4358139038;
20417.3769531250;-115.3633728027;
20653.8046875000;-115.1825180054;
20892.9687500000;-114.9475708008;
21134.8808593750;-114.8210906982;
21379.6171875000;-114.7663879395;
21627.1875000000;-114.7852401733;
21877.6230468750;-114.8817214966;
22130.9355468750;-114.9557113647;
22387.2070312500;-114.9588470459;
22646.4433593750;-114.9374694824;
22908.6835937500;-114.9297637939;
23173.9335937500;-114.9963455200;
23442.2812500000;-115.0689697266;
23713.7363281250;-115.0946960449;
23988.3359375000;-114.9824218750;
24266.1132812500;-114.8548355103;
24547.0820312500;-114.7015991211;
24831.3300781250;-114.6105346680;
25118.8691406250;-114.5599517822;
25409.7402343750;-114.5373992920;
25703.9492187500;-114.5460128784;
26001.5937500000;-114.5233612061;
26302.6835937500;-114.4072647095;
26607.2617187500;-114.2571029663;
26915.3378906250;-114.1474914551;
27227.0097656250;-114.1050949097;
27542.2910156250;-114.1620101929;
27861.2226562500;-114.2908401489;
28183.8164062500;-114.4314575195;
28510.1777343750;-114.4910278320;
28840.3183593750;-114.3992538452;
29174.2812500000;-114.2001037598;
29512.0781250000;-114.0909957886;
29853.8203125000;-114.0202789307;
30199.5175781250;-113.8933410645;
30549.2207031250;-113.8622817993;
30902.9375000000;-113.8572158813;
31260.7851562500;-113.8570251465;
31622.7773437500;-113.8788909912;
31988.9589843750;-113.9060897827;
32359.3828125000;-113.9449844360;
32734.0585937500;-113.9857025146;
33113.1093750000;-114.0283660889;
33496.5507812500;-114.0611343384;
33884.4335937500;-114.0895156860;
34276.7656250000;-114.0900573730;
34673.6835937500;-114.0833206177;
35075.1953125000;-114.0570602417;
35481.3554687500;-114.0317611694;
35892.1796875000;-114.0073242188;
36307.8007812500;-114.0082092285;
36728.2343750000;-114.0218048096;
37153.5390625000;-114.0623474121;
37583.7226562500;-114.1187820435;
38018.9335937500;-114.1840057373;
38459.1796875000;-114.2547607422;
38904.5273437500;-114.3214721680;
39354.9882812500;-114.3843994141;
39810.7070312500;-114.4359588623;
40271.7070312500;-114.4827728271;
40738.0390625000;-114.5254211426;
41209.7304687500;-114.5638656616;
41686.9257812500;-114.5959243774;
42169.6484375000;-114.6206130981;
42657.9648437500;-114.6330490112;
43151.9296875000;-114.6390457153;
43651.5703125000;-114.6523361206;
44157.0429687500;-114.6788558960;
44668.3671875000;-114.7326126099;
45185.6171875000;-114.8055343628;
45708.8046875000;-114.8863372803;
46238.0976562500;-114.9729690552;
46773.5234375000;-115.0672607422;
47315.1484375000;-115.1848602295;
47862.9921875000;-115.3171463013;
48417.2304687500;-115.4512863159;
48977.8867187500;-115.5748062134;
49545.0390625000;-115.6790771484;
50118.7031250000;-115.7701416016;
50699.0625000000;-115.8666992188;
51286.1445312500;-115.9740295410;
51880.0234375000;-116.0894546509;
52480.7187500000;-116.2055969238;
53088.4335937500;-116.3129730225;
53703.1835937500;-116.4028015137;
54325.0507812500;-116.4701995850;
54954.0585937500;-116.5163574219;
55590.4101562500;-116.5457458496;
56234.1328125000;-116.5637893677;
56885.3085937500;-116.5793609619;
57544.0234375000;-116.6063156128;
58210.3046875000;-116.6583557129;
58884.3632812500;-116.7445220947;
59566.2265625000;-116.8921737671;
60255.9882812500;-117.0625839233;
60953.6679687500;-117.2586898804;
61659.4960937500;-117.4522399902;
62373.4960937500;-117.6090087891;
63095.7617187500;-117.7094879150;
63826.3242187500;-117.7682418823;
64565.4140625000;-117.8290328979;
65313.0625000000;-117.9293594360;
66069.3671875000;-118.0678482056;
66834.3593750000;-118.2662734985;
67608.2890625000;-118.3958663940;
68391.1718750000;-118.4364471436;
69183.1250000000;-118.4699935913;
69984.1640625000;-118.5343780518;
70794.5625000000;-118.6575164795;
71614.3437500000;-118.9224166870;
72443.6171875000;-119.1596832275;
73282.4140625000;-119.2451171875;
74131.0078125000;-119.2859344482;
74989.4218750000;-119.3308258057;
75857.7812500000;-119.3983306885;
76736.1875000000;-119.4620971680;
77624.6875000000;-119.6011352539;
78523.5625000000;-119.7935562134;
79432.8437500000;-119.9262008667;
80352.6484375000;-120.0351028442;
81283.0234375000;-120.0531921387;
82224.2578125000;-120.0735092163;
83176.3906250000;-120.2374877930;
84139.5546875000;-120.5126419067;
85113.7734375000;-120.7758407593;
86099.3671875000;-120.9153213501;
87096.3671875000;-120.8775024414;
88104.9218750000;-120.8554534912;
89125.0546875000;-120.9929504395;
90157.1015625000;-121.1807479858;
91201.0937500000;-121.3032455444;
92257.1718750000;-121.4064178467;
93325.3828125000;-121.5362472534;
94406.0703125000;-121.6625442505;
95499.2656250000;-121.7343597412;
96605.1171875000;-121.8460922241;
97723.6718750000;-121.9528121948;
98855.2812500000;-122.0159378052;
100000.0000000000;-122.1540756226;
101157.9687500000;-122.2731323242;
102329.3515625000;-122.3928375244;
103514.1875000000;-122.5131378174;
104712.8515625000;-122.6312789917;
105925.3984375000;-122.7489242554;
107151.9843750000;-122.8671493530;
108392.6562500000;-122.9877014160;
109647.8125000000;-123.1110916138;
110917.5000000000;-123.2386093140;
112201.8984375000;-123.3678741455;
113501.0390625000;-123.5000534058;
114815.3437500000;-123.6365737915;
116144.8750000000;-123.7763442993;
117489.8046875000;-123.9234542847;
118850.1718750000;-124.0719604492;
120226.4218750000;-124.2197647095;
121618.6093750000;-124.3576965332;
123026.9218750000;-124.4797134399;
124451.3984375000;-124.5877761841;
125892.5156250000;-124.6758499146;
127350.3125000000;-124.7469253540;
128824.9921875000;-124.8101196289;
130316.6093750000;-124.8679199219;
131825.6406250000;-124.9282684326;
133352.1406250000;-125.0006027222;
134896.3281250000;-125.0887527466;
136458.3906250000;-125.1969604492;
138038.3906250000;-125.3352508545;
139636.8281250000;-125.4954986572;
141253.7812500000;-125.6657485962;
142889.4687500000;-125.8351135254;
144543.9218750000;-125.9901580811;
146217.7031250000;-126.1098861694;
147910.8593750000;-126.1958618164;
149623.6250000000;-126.2586593628;
151356.0625000000;-126.3090515137;
153108.7187500000;-126.3585662842;
154881.6875000000;-126.4170989990;
156675.1718750000;-126.4907760620;
158489.2500000000;-126.5827941895;
160324.5156250000;-126.6911773682;
162181.0312500000;-126.8196945190;
164059.0312500000;-126.9711990356;
165958.6093750000;-127.1378479004;
167880.3593750000;-127.2989273071;
169824.3750000000;-127.4343490601;
171790.8906250000;-127.5453186035;
173779.9843750000;-127.6574172974;
175792.3125000000;-127.7962646484;
177827.9375000000;-127.8911819458;
179887.1406250000;-128.0609283447;
181970.1875000000;-128.2077484131;
184077.1406250000;-128.3197479248;
186208.7031250000;-128.4480895996;
188364.9531250000;-128.5671386719;
190546.1562500000;-128.6406707764;
192752.4218750000;-128.7024078369;
194984.4375000000;-128.7470397949;
197242.3125000000;-128.7743530273;
199526.3125000000;-128.7946014404;
201836.5625000000;-128.8310394287;
204173.7656250000;-128.9116668701;
206538.0468750000;-129.1433410645;
208929.7031250000;-129.4313812256;
211348.8125000000;-129.5919799805;
213796.1718750000;-129.6967468262;
216271.8750000000;-129.7507324219;
218776.2343750000;-129.7966003418;
221309.3593750000;-129.8739776611;
223872.0625000000;-129.9556884766;
226464.4375000000;-130.0415344238;
229086.8281250000;-130.1686401367;
231739.3437500000;-130.3212127686;
234422.8125000000;-130.4342803955;
237137.3750000000;-130.5588226318;
239883.3593750000;-130.6360473633;
242661.1406250000;-130.6924743652;
245470.8125000000;-130.8438110352;
248313.2968750000;-131.0559844971;
251188.7031250000;-131.2329254150;
254097.3906250000;-131.3128204346;
257039.4843750000;-131.3636322021;
260015.9375000000;-131.4840850830;
263026.8437500000;-131.6453857422;
266072.6250000000;-131.7755889893;
269153.3750000000;-131.8905792236;
272270.0937500000;-132.0049896240;
275422.9062500000;-132.0428161621;
278612.2187500000;-132.0118408203;
281838.1562500000;-132.0156402588;
285101.7812500000;-132.1078338623;
288403.1875000000;-132.2396240234;
291742.8125000000;-132.3867645264;
295120.7812500000;-132.5105895996;
298538.1875000000;-132.6344451904;
301995.1875000000;-132.8756866455;
305492.2187500000;-133.0124511719;
309029.3750000000;-133.1340332031;
312607.8437500000;-133.2421264648;
316227.7812500000;-133.3272094727;
319889.5937500000;-133.3904876709;
323593.8125000000;-133.4435729980;
327340.5937500000;-133.4943695068;
331131.0937500000;-133.5578613281;
334965.5000000000;-133.6400299072;
338844.3125000000;-133.7601623535;
342767.6562500000;-133.8981933594;
346736.8125000000;-134.0640716553;
350751.9375000000;-134.2382965088;
354813.5312500000;-134.4136505127;
358921.7812500000;-134.5798187256;
363078.0000000000;-134.7316436768;
367282.3437500000;-134.8741912842;
371535.3750000000;-135.0063629150;
375837.2500000000;-135.1360626221;
380189.3437500000;-135.2659912109;
384591.8125000000;-135.3970336914;
389045.2812500000;-135.5280914307;
393549.8750000000;-135.6585998535;
398107.0937500000;-135.7900085449;
402717.0625000000;-135.9241485596;
407380.4062500000;-136.0654907227;
412097.3125000000;-136.2069091797;
416869.2812500000;-136.3416442871;
421696.5000000000;-136.4620056152;
426579.6250000000;-136.5539855957;
431519.3125000000;-136.6154174805;
436515.6875000000;-136.6550140381;
441570.4375000000;-136.6807861328;
446683.6875000000;-136.7033386230;
451856.1562500000;-136.7346496582;
457088.0312500000;-136.7840576172;
462380.9687500000;-136.8413848877;
467735.2187500000;-136.8955230713;
473151.4687500000;-136.9445190430;
478629.9062500000;-136.9968261719;
484172.3125000000;-137.0662231445;
489778.8750000000;-137.1619262695;
495450.3750000000;-137.2804260254;
501187.0000000000;-137.4073638916;
506990.6250000000;-137.5275573730;
512861.4375000000;-137.6322326660;
518800.2187500000;-137.7191619873;
524807.1875000000;-137.7933654785;
530884.3125000000;-137.8719635010;
537031.8125000000;-137.9714050293;
543250.5000000000;-138.1020660400;
549540.5625000000;-138.2525024414;
555904.1250000000;-138.3962860107;
562341.3125000000;-138.5113677979;
568853.0625000000;-138.5968170166;
575440.2500000000;-138.6687011719;
582103.0625000000;-138.7393493652;
588843.6250000000;-138.8308105469;
595662.2500000000;-138.8942565918;
602559.8750000000;-138.9342041016;
609536.6875000000;-138.9971008301;
616594.9375000000;-139.0964813232;
623734.9375000000;-139.2310943604;
630957.6250000000;-139.3826904297;
638263.2500000000;-139.5746459961;
645654.1250000000;-139.6968231201;
653130.6250000000;-139.7548828125;
660693.6875000000;-139.8359832764;
668343.6250000000;-140.0406341553;
676082.8750000000;-140.2802276611;
683911.6875000000;-140.4019317627;
691831.1875000000;-140.5052185059;
699841.6875000000;-140.5783233643;
707945.6250000000;-140.6262664795;
716143.4375000000;-140.6990051270;
724436.1875000000;-140.7926025391;
732824.1250000000;-140.8940277100;
741310.0625000000;-141.1111755371;
749894.1875000000;-141.3207244873;
758577.7500000000;-141.3686218262;
767361.8750000000;-141.2825622559;
776246.8750000000;-141.2125854492;
785235.6250000000;-141.2289276123;
794328.4375000000;-141.3889007568;
803526.5000000000;-141.6227264404;
812830.2500000000;-141.8258514404;
822242.5625000000;-141.9805450439;
831763.9375000000;-142.1851806641;
841395.5000000000;-142.3051910400;
851137.6875000000;-142.3340148926;
860993.6250000000;-142.3483581543;
870963.6875000000;-142.4434204102;
881049.2500000000;-142.6562957764;
891250.5625000000;-142.8032836914;
901571.0000000000;-142.8936462402;
912010.9375000000;-143.0136413574;
922571.7500000000;-143.1902465820;
933253.8750000000;-143.2933044434;
944060.6875000000;-143.3229064941;
954992.6250000000;-143.3583221436;
966051.1875000000;-143.4572143555;
977236.6875000000;-143.6367340088;
988552.8125000000;-143.8099517822;
1000000.0000000000;-143.4383850098;
