Window;1;Noise Spectrum;
Trace;1;
1.0000000000;-73.1902389526;
1.0115795135;-73.2327499390;
1.0232930183;-73.3857727051;
1.0351421833;-73.6431808472;
1.0471285582;-73.9005813599;
1.0592536926;-74.1579895020;
1.0715192556;-74.4153900146;
1.0839269161;-74.7051544189;
1.0964782238;-75.0928039551;
1.1091748476;-75.4804534912;
1.1220184565;-75.8681030273;
1.1350108385;-76.2557525635;
1.1481536627;-76.6588897705;
1.1614485979;-77.1011276245;
1.1748975515;-77.5433731079;
1.1885021925;-77.9856185913;
1.2022644281;-78.4278564453;
1.2161860466;-78.8897018433;
1.2302688360;-79.3653182983;
1.2445145845;-79.8409194946;
1.2589254379;-80.3165359497;
1.2735030651;-80.7922592163;
1.2882494926;-81.2687606812;
1.3031667471;-81.7452621460;
1.3182567358;-82.2217712402;
1.3335214853;-82.6982727051;
1.3489629030;-82.9984588623;
1.3645831347;-83.2778244019;
1.3803843260;-83.5571899414;
1.3963683844;-83.8365554810;
1.4125375748;-83.8115081787;
1.4288939238;-83.7342910767;
1.4454398155;-83.6570816040;
1.4621771574;-83.5798645020;
1.4791084528;-83.2695999146;
1.4962356091;-82.9576110840;
1.5135612488;-82.6456222534;
1.5310875177;-82.3155899048;
1.5488165617;-81.9426574707;
1.5667510033;-81.5697250366;
1.5848932266;-81.1967849731;
1.6032453775;-80.8796844482;
1.6218100786;-80.5811614990;
1.6405898333;-80.2826461792;
1.6595869064;-80.0276489258;
1.6788040400;-79.8558120728;
1.6982436180;-79.6839675903;
1.7179083824;-79.5218963623;
1.7378008366;-79.4991226196;
1.7579236031;-79.4763412476;
1.7782794237;-79.4535675049;
1.7988709211;-79.6026611328;
1.8197008371;-79.7694549561;
1.8407719135;-79.9362487793;
1.8620871305;-80.3318939209;
1.8836491108;-80.7652206421;
1.9054607153;-81.1985473633;
1.9275249243;-81.9845886230;
1.9498445988;-82.8038253784;
1.9724227190;-83.6327133179;
1.9952623844;-84.5984420776;
2.0183663368;-85.5641632080;
2.0417380333;-86.1962127686;
2.0653800964;-86.0794601440;
2.0892961025;-85.9627075195;
2.1134889126;-85.9428558350;
2.1379621029;-85.9785919189;
2.1627185345;-86.0108337402;
2.1877615452;-85.9643707275;
2.2130947113;-85.9179153442;
2.2387211323;-85.5124588013;
2.2646441460;-84.7817306519;
2.2908678055;-84.0711288452;
2.3173947334;-83.5994110107;
2.3442287445;-83.1277008057;
2.3713736534;-82.8990631104;
2.3988327980;-82.7756576538;
2.4266099930;-82.7323608398;
2.4547088146;-82.8189163208;
2.4831330776;-82.9261856079;
2.5118863583;-83.1780014038;
2.5409727097;-83.4298171997;
2.5703957081;-83.9354782104;
2.6001594067;-84.4613494873;
2.6302678585;-85.1070861816;
2.6607251167;-85.7863388062;
2.6915347576;-85.7900161743;
2.7227013111;-85.4878692627;
2.7542285919;-85.1590270996;
2.7861211300;-84.8154678345;
2.8183827400;-85.0133132935;
2.8510184288;-85.5056533813;
2.8840315342;-86.9340438843;
2.9174270630;-88.7718200684;
2.9512093067;-91.6877593994;
2.9853825569;-94.8960723877;
3.0199515820;-92.0802078247;
3.0549211502;-88.9985504150;
3.0902955532;-88.6232223511;
3.1260793209;-88.5624160767;
3.1622776985;-89.2389526367;
3.1988949776;-90.5192642212;
3.2359364033;-92.3052291870;
3.2734067440;-96.3759994507;
3.3113110065;-100.1047897339;
3.3496541977;-98.6338958740;
3.3884413242;-97.9612655640;
3.4276781082;-98.1429061890;
3.4673686028;-99.9965820312;
3.5075187683;-101.2230911255;
3.5481340885;-99.9608993530;
3.5892193317;-97.5494918823;
3.6307804585;-94.9449462891;
3.6728229523;-93.8671951294;
3.7153522968;-93.4264221191;
3.7583739758;-93.4055252075;
3.8018937111;-93.7854919434;
3.8459177017;-94.2697830200;
3.8904511929;-94.9526748657;
3.9355010986;-96.0513992310;
3.9810719490;-98.7018356323;
4.0271706581;-98.5371322632;
4.0738029480;-95.0574798584;
4.1209754944;-92.8319702148;
4.1686940193;-91.3860397339;
4.2169651985;-90.5029907227;
4.2657952309;-90.1198654175;
4.3151907921;-90.3568954468;
4.3651580811;-91.1495132446;
4.4157042503;-92.4399490356;
4.4668354988;-94.3959579468;
4.5185589790;-97.2527160645;
4.5708823204;-101.2625808716;
4.6238102913;-100.8286209106;
4.6773514748;-97.7412109375;
4.7315125465;-94.0149536133;
4.7863011360;-91.2476196289;
4.8417239189;-90.0030746460;
4.8977880478;-89.9537429810;
4.9545016289;-91.0198059082;
5.0118722916;-93.0007553101;
5.0699067116;-96.1046676636;
5.1286134720;-97.1791687012;
5.1880002022;-94.6060256958;
5.2480750084;-91.4682922363;
5.3088445663;-89.5672607422;
5.3703184128;-88.5010070801;
5.4325037003;-88.1122894287;
5.4954090118;-88.2880935669;
5.5590424538;-88.5502090454;
5.6234130859;-89.4529647827;
5.6885290146;-90.3629150391;
5.7543992996;-90.2362365723;
5.8210320473;-90.5431594849;
5.8884363174;-92.1123580933;
5.9566211700;-94.8712005615;
6.0255956650;-97.5905838013;
6.0953693390;-99.2585220337;
6.1659502983;-98.6898727417;
6.2373485565;-100.0433044434;
6.3095736504;-97.8850860596;
6.3826351166;-94.0903778076;
6.4565424919;-93.0053482056;
6.5313053131;-94.1527481079;
6.6069345474;-95.1032638550;
6.6834387779;-95.2732238770;
6.7608294487;-94.7753753662;
6.8391160965;-93.8231506348;
6.9183092117;-93.6426696777;
6.9984202385;-94.1620941162;
7.0794582367;-94.9395980835;
7.1614346504;-96.0866012573;
7.2443599701;-98.1826858521;
7.3282456398;-100.7538986206;
7.4131026268;-96.5574798584;
7.4989418983;-95.8766098022;
7.5857758522;-100.1754379272;
7.6736145020;-97.5514831543;
7.7624707222;-96.4407348633;
7.8523559570;-96.6979904175;
7.9432821274;-96.2147521973;
8.0352611542;-95.5537261963;
8.1283054352;-95.2802658081;
8.2224273682;-94.5443344116;
8.3176383972;-93.9183578491;
8.4139518738;-95.3699569702;
8.5113801956;-100.7249679565;
8.6099376678;-101.2738342285;
8.7096357346;-101.5476379395;
8.8104887009;-102.6388092041;
8.9125089645;-102.0882034302;
9.0157108307;-102.9615631104;
9.1201076508;-107.4947662354;
9.2257137299;-108.4506149292;
9.3325433731;-106.0463790894;
9.4406089783;-106.6813049316;
9.5499258041;-98.7882995605;
9.6605091095;-96.9970169067;
9.7723722458;-98.2775115967;
9.8855314255;-102.4634323120;
10.0000000000;-103.7779312134;
10.1157941818;-103.9530029297;
10.2329292297;-104.1052169800;
10.3514213562;-104.3529739380;
10.4712848663;-104.7697525024;
10.5925369263;-105.3601913452;
10.7151927948;-106.1623764038;
10.8392686844;-107.5206298828;
10.9647808075;-110.5080184937;
11.0917472839;-114.6570587158;
11.2201833725;-108.0296478271;
11.3501071930;-105.1768875122;
11.4815349579;-103.7166748047;
11.6144876480;-103.0009384155;
11.7489767075;-102.8043441772;
11.8850231171;-103.3131408691;
12.0226459503;-104.5295562744;
12.1618614197;-105.6437225342;
12.3026885986;-106.7086639404;
12.4451465607;-107.4305114746;
12.5892543793;-107.7970733643;
12.7350311279;-108.0063858032;
12.8824958801;-108.1425628662;
13.0316677094;-108.1554641724;
13.1825675964;-107.9473648071;
13.3352146149;-107.4270324707;
13.4896287918;-106.4846420288;
13.6458311081;-105.4527511597;
13.8038425446;-104.4709701538;
13.9636831284;-104.3036270142;
14.1253747940;-104.7159271240;
14.2889385223;-105.8328628540;
14.4543962479;-106.8414382935;
14.6217708588;-106.8437881470;
14.7910823822;-106.4625625610;
14.9623546600;-105.9222640991;
15.1356105804;-105.6967849731;
15.3108730316;-105.7914352417;
15.4881677628;-105.9825057983;
15.6675128937;-106.0539245605;
15.8489332199;-105.8552169800;
16.0324554443;-105.3303375244;
16.2181015015;-104.6260528564;
16.4058990479;-104.0346527100;
16.5958709717;-103.8383712769;
16.7880401611;-104.1260299683;
16.9824371338;-105.0067749023;
17.1790847778;-106.1107406616;
17.3780078888;-106.6733093262;
17.5792369843;-106.8218765259;
17.7827949524;-107.1424560547;
17.9887084961;-107.9656524658;
18.1970081329;-109.2781906128;
18.4077186584;-111.0361709595;
18.6208705902;-112.2187728882;
18.8364906311;-111.2444763184;
19.0546054840;-109.7801971436;
19.2752475739;-108.0045471191;
19.4984436035;-107.0136184692;
19.7242259979;-107.0775604248;
19.9526214600;-107.7816925049;
20.1836605072;-109.1617965698;
20.4173774719;-110.1658325195;
20.6538047791;-107.7760925293;
20.8929634094;-106.8092956543;
21.1348934174;-107.7869796753;
21.3796234131;-110.6840972900;
21.6271877289;-110.5796890259;
21.8776187897;-108.3103027344;
22.1309490204;-108.0272903442;
22.3872127533;-109.0951690674;
22.6464443207;-109.6402435303;
22.9086780548;-109.1165847778;
23.1739463806;-109.1423187256;
23.4422893524;-109.2999191284;
23.7137374878;-108.9587860107;
23.9883289337;-108.6563034058;
24.2660999298;-108.9237823486;
24.5470886230;-109.8821716309;
24.8313293457;-111.1485366821;
25.1188621521;-111.2150039673;
25.4097251892;-110.0766754150;
25.7039566040;-109.0207443237;
26.0015926361;-108.7143096924;
26.3026771545;-109.3860321045;
26.6072483063;-110.3015136719;
26.9153442383;-110.8725738525;
27.2270088196;-112.7426300049;
27.5422897339;-116.7765426636;
27.8612155914;-113.6224212646;
28.1838321686;-112.2695312500;
28.5101852417;-112.4739685059;
28.8403167725;-113.4118652344;
29.1742725372;-113.6695022583;
29.5120944977;-112.8934326172;
29.8538284302;-112.5531082153;
30.1995182037;-118.6633453369;
30.5492115021;-116.6192932129;
30.9029541016;-115.5587615967;
31.2607936859;-114.9610443115;
31.6227760315;-114.7386016846;
31.9889507294;-114.9258346558;
32.3593635559;-115.4446182251;
32.7340698242;-116.1547393799;
33.1131095886;-117.0554504395;
33.4965438843;-118.2577819824;
33.8844146729;-119.8890609741;
34.2767753601;-120.9267807007;
34.6736831665;-120.8193511963;
35.0751838684;-119.0433120728;
35.4813346863;-117.7743759155;
35.8921890259;-116.9457244873;
36.3078002930;-116.5118560791;
36.7282333374;-116.4443664551;
37.1535263062;-116.7608871460;
37.5837440491;-117.6454010010;
38.0189437866;-119.2777328491;
38.4591827393;-121.0542221069;
38.9045181274;-120.7352905273;
39.3550109863;-118.7360534668;
39.8107185364;-116.9622650146;
40.2717056274;-115.8425064087;
40.7380294800;-115.2387466431;
41.2097511292;-115.0416183472;
41.6869392395;-115.1524658203;
42.1696510315;-115.4984512329;
42.6579513550;-116.1215362549;
43.1519050598;-117.1190643311;
43.6515808105;-118.4889755249;
44.1570434570;-119.9386444092;
44.6683578491;-121.2648391724;
45.1855926514;-121.9962005615;
45.7088165283;-122.1523590088;
46.2380981445;-121.5690383911;
46.7735099792;-120.6856918335;
47.3151206970;-119.7572479248;
47.8630027771;-118.6216430664;
48.4172286987;-116.8457489014;
48.9778900146;-114.9040756226;
49.5450248718;-113.4653701782;
50.1187286377;-112.7020492554;
50.6990776062;-113.2860565186;
51.2861442566;-114.4823226929;
51.8800086975;-116.1936111450;
52.4807510376;-118.1971817017;
53.0884475708;-119.4442214966;
53.7031822205;-118.4559097290;
54.3250350952;-117.0838317871;
54.9540901184;-116.3903274536;
55.5904273987;-116.0252609253;
56.2341308594;-115.2631301880;
56.8852920532;-111.8326416016;
57.5439910889;-108.0707473755;
58.2103195190;-103.1987686157;
58.8843612671;-100.2623519897;
59.5662117004;-99.2158203125;
60.2559547424;-99.1498794556;
60.9536857605;-100.5997390747;
61.6594963074;-102.5825424194;
62.3734779358;-106.7566833496;
63.0957260132;-112.8835144043;
63.8263397217;-117.7479858398;
64.5654144287;-120.9426956177;
65.3130645752;-123.8110122681;
66.0693511963;-126.6762008667;
66.8343963623;-126.9488449097;
67.6083068848;-124.8454971313;
68.3911743164;-122.2142105103;
69.1831054688;-119.8492889404;
69.9842071533;-118.9087142944;
70.7945785522;-119.5685653687;
71.6143417358;-121.6504287720;
72.4435958862;-122.7562713623;
73.2824554443;-121.6513977051;
74.1310272217;-120.9183044434;
74.9894180298;-121.9466247559;
75.8577575684;-122.7870483398;
76.7361450195;-120.9270095825;
77.6247100830;-120.0842056274;
78.5235595703;-120.4861907959;
79.4328155518;-122.3291015625;
80.3526077271;-123.5474319458;
81.2830429077;-123.4102020264;
82.2242584229;-122.8769149780;
83.1763687134;-122.3080978394;
84.1395034790;-121.6266708374;
85.1137924194;-121.4752349854;
86.0993652344;-121.6340942383;
87.0963668823;-121.6590805054;
88.1048965454;-121.7550201416;
89.1251068115;-122.1578598022;
90.1571197510;-123.1547546387;
91.2010955811;-124.0374984741;
92.2571487427;-123.9210128784;
93.3254394531;-123.9867172241;
94.4060897827;-125.2048873901;
95.4992599487;-125.0134201050;
96.6050872803;-123.2779159546;
97.7237243652;-123.9522933960;
98.8553085327;-123.3079528809;
100.0000000000;-127.7603759766;
101.1579742432;-127.6478958130;
102.3292999268;-127.2548675537;
103.5142440796;-126.5968093872;
104.7128524780;-125.9188537598;
105.9253921509;-125.2648620605;
107.1519241333;-124.8527679443;
108.3927154541;-124.5498046875;
109.6478118896;-124.3786087036;
110.9175033569;-124.3043670654;
112.2018356323;-124.2378845215;
113.5010986328;-124.1319351196;
114.8153457642;-123.9407577515;
116.1448745728;-123.7088317871;
117.4897384644;-123.4842224121;
118.8502349854;-123.3855133057;
120.2264251709;-123.4028015137;
121.6186141968;-123.6683349609;
123.0268554688;-124.0889892578;
124.4514694214;-124.5996780396;
125.8925170898;-125.1613769531;
127.3503112793;-125.6690139771;
128.8249206543;-126.1382369995;
130.3166809082;-126.5740203857;
131.8256378174;-127.0261154175;
133.3521423340;-127.5085601807;
134.8963165283;-127.9741897583;
136.4583129883;-128.3735961914;
138.0384674072;-128.5427093506;
139.6368255615;-128.4800415039;
141.2537841797;-128.2932128906;
142.8893890381;-128.0545196533;
144.5440063477;-127.8360671997;
146.2176971436;-127.6718673706;
147.9108581543;-127.5410690308;
149.6235504150;-127.4621963501;
151.3561553955;-127.4821472168;
153.1087188721;-127.6545715332;
154.8816833496;-128.0123901367;
156.6750793457;-128.5257720947;
158.4893341064;-129.0273895264;
160.3245086670;-129.3067779541;
162.1810302734;-129.3224487305;
164.0589447021;-129.1581573486;
165.9586944580;-128.9206085205;
167.8803710938;-128.6923370361;
169.8243713379;-128.5449829102;
171.7908020020;-128.5522460938;
173.7800903320;-128.7573699951;
175.7923126221;-129.1269378662;
177.8279418945;-129.3866271973;
179.8871459961;-129.8034820557;
181.9700775146;-130.1513366699;
184.0772399902;-130.5040588379;
186.2087097168;-131.2628936768;
188.3649444580;-132.0171203613;
190.5460662842;-131.8572998047;
192.7525329590;-131.0112304688;
194.9844360352;-130.0006408691;
197.2423095703;-129.3011779785;
199.5262145996;-129.0788116455;
201.8366699219;-129.2933502197;
204.1737670898;-129.7814025879;
206.5380401611;-130.5334472656;
208.9295806885;-131.0456085205;
211.3489227295;-131.2621154785;
213.7961730957;-131.3922271729;
216.2718658447;-131.2558288574;
218.7761230469;-130.3113403320;
221.3094787598;-129.4001312256;
223.8720703125;-129.3813781738;
226.4644470215;-129.9912261963;
229.0867156982;-131.6116333008;
231.7394714355;-132.7954254150;
234.4228210449;-132.7737884521;
237.1373748779;-132.4993438721;
239.8833618164;-132.4893646240;
242.6610107422;-132.6155395508;
245.4709472656;-132.7950897217;
248.3132934570;-133.0362396240;
251.1887054443;-133.5700683594;
254.0972595215;-134.2942657471;
257.0396423340;-134.9001312256;
260.0159301758;-135.2285308838;
263.0268554688;-135.0177001953;
266.0724792480;-134.4611968994;
269.1535339355;-133.9563751221;
272.2700805664;-133.7048645020;
275.4229125977;-133.5553131104;
278.6120605469;-133.4216156006;
281.8383178711;-133.5853881836;
285.1017761230;-133.9062347412;
288.4031677246;-132.9084777832;
291.7426452637;-128.8197937012;
295.1209411621;-126.1523208618;
298.5382080078;-125.2083892822;
301.9951782227;-129.2547607422;
305.4920349121;-129.6780090332;
309.0295410156;-130.5413818359;
312.6078491211;-131.4616241455;
316.2277526855;-132.6395721436;
319.8895874023;-133.7904205322;
323.5936584473;-134.8817443848;
327.3407592773;-135.7463378906;
331.1311035156;-136.3693847656;
334.9655151367;-136.7158203125;
338.8441467285;-136.9398345947;
342.7678527832;-136.9959869385;
346.7368164062;-137.0210266113;
350.7519226074;-136.9741210938;
354.8133544922;-136.9119567871;
358.9219970703;-136.8363189697;
363.0780029297;-136.8012390137;
367.2823486328;-136.7893371582;
371.5351867676;-136.8289184570;
375.8374328613;-136.8840789795;
380.1893310547;-136.9448852539;
384.5918273926;-136.9829559326;
389.0450744629;-137.0214691162;
393.5501098633;-137.0641937256;
398.1070861816;-137.1854248047;
402.7170410156;-137.3766326904;
407.3801879883;-137.6290893555;
412.0975341797;-137.9408264160;
416.8692626953;-138.2044219971;
421.6965026855;-138.4001770020;
426.5796203613;-138.4674377441;
431.5190734863;-138.4305725098;
436.5159301758;-138.3862762451;
441.5704345703;-138.3651733398;
446.6836853027;-138.4242858887;
451.8559265137;-138.5402374268;
457.0882873535;-138.6753692627;
462.3809814453;-138.8168334961;
467.7352294922;-138.9574890137;
473.1512145996;-139.1032257080;
478.6301574707;-139.2351074219;
484.1723022461;-139.3373260498;
489.7788696289;-139.4068298340;
495.4501037598;-139.4582366943;
501.1872863770;-139.5199127197;
506.9906311035;-139.5621490479;
512.8614501953;-139.5471801758;
518.7999267578;-139.4940490723;
524.8074951172;-139.4664611816;
530.8843383789;-139.5314178467;
537.0317993164;-139.7023925781;
543.2501831055;-139.9176025391;
549.5408935547;-140.0961761475;
555.9041137695;-140.2308807373;
562.3413085938;-140.3861999512;
568.8530883789;-140.5755310059;
575.4399414062;-140.7200775146;
582.1033325195;-140.7214508057;
588.8436279297;-140.5981292725;
595.6622924805;-140.4884185791;
602.5595703125;-140.5867309570;
609.5369873047;-140.8523406982;
616.5949707031;-141.2113800049;
623.7349243164;-141.6177368164;
630.9572753906;-142.0280914307;
638.2636108398;-142.3476104736;
645.6541137695;-142.4456939697;
653.1306152344;-142.2443847656;
660.6933593750;-141.8416748047;
668.3439941406;-141.4667663574;
676.0828857422;-141.6212615967;
683.9116821289;-141.8363189697;
691.8308105469;-141.9055023193;
699.8420410156;-141.9295349121;
707.9456176758;-142.1091766357;
716.1434326172;-142.6700439453;
724.4357910156;-143.0789031982;
732.8245239258;-143.0962829590;
741.3100585938;-143.0789031982;
749.8942260742;-143.2120819092;
758.5777587891;-143.3781890869;
767.3614501953;-143.3993225098;
776.2473144531;-143.3732757568;
785.2355957031;-143.4430999756;
794.3284301758;-143.6133422852;
803.5260620117;-143.9701232910;
812.8306884766;-144.2676544189;
822.2425537109;-144.3707733154;
831.7639160156;-144.3980865479;
841.3950195312;-144.1905670166;
851.1381835938;-143.7713623047;
860.9936523438;-143.6397399902;
870.9636840820;-144.0789794922;
881.0487670898;-144.6038055420;
891.2510375977;-144.7891845703;
901.5709838867;-144.9430694580;
912.0109252930;-145.2799987793;
922.5712280273;-145.5858459473;
933.2543334961;-145.6287231445;
944.0606689453;-145.5889587402;
954.9926147461;-145.6599121094;
966.0506591797;-145.7031250000;
977.2372436523;-145.6792755127;
988.5528564453;-145.7597503662;
1000.0000000000;-146.0976715088;
1011.5797119141;-146.1360168457;
1023.2929687500;-146.1543121338;
1035.1424560547;-146.1537017822;
1047.1285400391;-146.1485595703;
1059.2539062500;-146.1452789307;
1071.5192871094;-146.1671142578;
1083.9271240234;-146.2042694092;
1096.4781494141;-146.2599334717;
1109.1750488281;-146.3255920410;
1122.0183105469;-146.3907623291;
1135.0109863281;-146.4476623535;
1148.1534423828;-146.4982757568;
1161.4487304688;-146.5474853516;
1174.8973388672;-146.6077270508;
1188.5023193359;-146.6885986328;
1202.2642822266;-146.7872009277;
1216.1861572266;-146.9186096191;
1230.2685546875;-147.0671997070;
1244.5146484375;-147.2244415283;
1258.9251708984;-147.3832550049;
1273.5031738281;-147.5298461914;
1288.2492675781;-147.6687469482;
1303.1667480469;-147.8008270264;
1318.2563476562;-147.9305419922;
1333.5214843750;-148.0492248535;
1348.9632568359;-148.1443939209;
1364.5831298828;-148.2048339844;
1380.3846435547;-148.2101898193;
1396.3682861328;-148.1947631836;
1412.5378417969;-148.1899108887;
1428.8939208984;-148.2150115967;
1445.4400634766;-148.2835998535;
1462.1770019531;-148.3928527832;
1479.1086425781;-148.5018920898;
1496.2354736328;-148.5860595703;
1513.5615234375;-148.6375732422;
1531.0872802734;-148.6638183594;
1548.8167724609;-148.6848754883;
1566.7508544922;-148.7204437256;
1584.8933105469;-148.7733612061;
1603.2451171875;-148.8322296143;
1621.8101806641;-148.9039306641;
1640.5894775391;-149.0075531006;
1659.5870361328;-149.1536712646;
1678.8035888672;-149.3254852295;
1698.2437744141;-149.4772338867;
1717.9079589844;-149.5578002930;
1737.8009033203;-149.5498657227;
1757.9230957031;-149.4940795898;
1778.2794189453;-149.4598693848;
1798.8713378906;-149.4857788086;
1819.7008056641;-149.6226501465;
1840.7724609375;-149.8079376221;
1862.0870361328;-149.9413909912;
1883.6495361328;-149.8930206299;
1905.4605712891;-149.8462219238;
1927.5252685547;-149.8512573242;
1949.8444824219;-149.8853759766;
1972.4230957031;-149.8987884521;
1995.2620849609;-149.8779449463;
2018.3666992188;-149.8630981445;
2041.7376708984;-149.9100952148;
2065.3803710938;-150.1511535645;
2089.2958984375;-150.4980468750;
2113.4892578125;-150.7013397217;
2137.9616699219;-150.8175506592;
2162.7187500000;-150.8467559814;
2187.7612304688;-150.8521575928;
2213.0949707031;-150.9347686768;
2238.7207031250;-151.0365905762;
2264.6442871094;-151.1230010986;
2290.8671875000;-151.1461181641;
2317.3947753906;-151.0918731689;
2344.2282714844;-151.0762939453;
2371.3737792969;-151.1732940674;
2398.8334960938;-151.3591156006;
2426.6101074219;-151.4989776611;
2454.7094726562;-151.7097930908;
2483.1330566406;-151.8844451904;
2511.8869628906;-151.9057617188;
2540.9726562500;-151.8286743164;
2570.3962402344;-151.7661590576;
2600.1594238281;-151.7568969727;
2630.2685546875;-151.7546081543;
2660.7248535156;-151.7476654053;
2691.5351562500;-151.8963928223;
2722.7009277344;-152.2132110596;
2754.2290039062;-152.4559936523;
2786.1208496094;-152.4289703369;
2818.3833007812;-152.1764526367;
2851.0178222656;-151.9848785400;
2884.0317382812;-151.9874725342;
2917.4265136719;-152.2041168213;
2951.2094726562;-152.4609375000;
2985.3820800781;-152.6586761475;
3019.9519042969;-152.4617767334;
3054.9204101562;-152.5161132812;
3090.2954101562;-152.5857849121;
3126.0786132812;-152.6582336426;
3162.2775878906;-152.7432861328;
3198.8959960938;-152.8241577148;
3235.9365234375;-152.8958129883;
3273.4077148438;-152.9453277588;
3311.3110351562;-152.9712677002;
3349.6550292969;-152.9669036865;
3388.4414062500;-152.9491271973;
3427.6784667969;-152.9271697998;
3467.3681640625;-152.9131011963;
3507.5192871094;-152.9282073975;
3548.1335449219;-152.9672088623;
3589.2199707031;-153.0272674561;
3630.7800292969;-153.0974121094;
3672.8234863281;-153.1617736816;
3715.3518066406;-153.2049865723;
3758.3745117188;-153.2280883789;
3801.8933105469;-153.2413177490;
3845.9182128906;-153.2595672607;
3890.4506835938;-153.3028869629;
3935.5009765625;-153.3688201904;
3981.0708007812;-153.4895477295;
4027.1704101562;-153.6264495850;
4073.8017578125;-153.7724456787;
4120.9750976562;-153.8879394531;
4168.6928710938;-153.9484710693;
4216.9648437500;-153.9668884277;
4265.7963867188;-153.9424285889;
4315.1904296875;-153.9313507080;
4365.1591796875;-153.9490203857;
4415.7041015625;-153.9991760254;
4466.8369140625;-154.0801544189;
4518.5590820312;-154.1651306152;
4570.8828125000;-154.2469024658;
4623.8095703125;-154.3240814209;
4677.3520507812;-154.3984832764;
4731.5122070312;-154.4738464355;
4786.3017578125;-154.5446777344;
4841.7231445312;-154.6020050049;
4897.7890625000;-154.6367645264;
4954.5009765625;-154.6415557861;
5011.8730468750;-154.6138305664;
5069.9062500000;-154.5705718994;
5128.6142578125;-154.5316772461;
5187.9995117188;-154.5169067383;
5248.0747070312;-154.5430145264;
5308.8432617188;-154.6164245605;
5370.3183593750;-154.7250061035;
5432.5019531250;-154.8334350586;
5495.4086914062;-154.8886566162;
5559.0410156250;-154.8454437256;
5623.4130859375;-154.7246246338;
5688.5307617188;-154.6034393311;
5754.3994140625;-154.5489807129;
5821.0336914062;-154.5797576904;
5888.4365234375;-154.6621704102;
5956.6225585938;-154.7514038086;
6025.5957031250;-154.7752838135;
6095.3701171875;-154.7640991211;
6165.9497070312;-154.7665557861;
6237.3496093750;-154.8207702637;
6309.5727539062;-154.9116668701;
6382.6357421875;-154.9866027832;
6456.5415039062;-155.0183258057;
6531.3061523438;-155.0338745117;
6606.9335937500;-155.0745697021;
6683.4399414062;-155.2042999268;
6760.8286132812;-155.3676910400;
6839.1171875000;-155.4599914551;
6918.3081054688;-155.4965057373;
6998.4204101562;-155.4632873535;
7079.4560546875;-155.3856658936;
7161.4345703125;-155.2762756348;
7244.3579101562;-155.2525024414;
7328.2456054688;-155.3115386963;
7413.1005859375;-155.4020690918;
7498.9418945312;-155.5592956543;
7585.7778320312;-155.7493438721;
7673.6147460938;-155.8827056885;
7762.4731445312;-155.9852905273;
7852.3559570312;-155.9506988525;
7943.2841796875;-155.8580169678;
8035.2607421875;-155.6992645264;
8128.3066406250;-155.6218261719;
8222.4257812500;-155.6358337402;
8317.6396484375;-155.6405181885;
8413.9501953125;-155.6276855469;
8511.3818359375;-155.7388305664;
8609.9365234375;-155.9717559814;
8709.6367187500;-156.1569061279;
8810.4873046875;-156.1337890625;
8912.5107421875;-155.9286193848;
9015.7099609375;-155.7574005127;
9120.1093750000;-155.6722869873;
9225.7128906250;-155.6548919678;
9332.5439453125;-155.8002777100;
9440.6064453125;-156.1033477783;
9549.9267578125;-156.2953033447;
9660.5068359375;-156.4549713135;
9772.3720703125;-156.5616912842;
9885.5283203125;-156.5329742432;
10000.0000000000;-156.2100067139;
10115.7968750000;-156.2219848633;
10232.9355468750;-156.2491760254;
10351.4189453125;-156.2906951904;
10471.2851562500;-156.3580322266;
10592.5400390625;-156.4325256348;
10715.1982421875;-156.5110321045;
10839.2656250000;-156.5756835938;
10964.7812500000;-156.6235961914;
11091.7500000000;-156.6372680664;
11220.1894531250;-156.6391906738;
11350.1035156250;-156.6259002686;
11481.5351562500;-156.6204681396;
11614.4873046875;-156.6226959229;
11748.9804687500;-156.6496429443;
11885.0166015625;-156.6909179688;
12022.6425781250;-156.7413940430;
12161.8613281250;-156.7951049805;
12302.6923828125;-156.8378295898;
12445.1396484375;-156.8690185547;
12589.2509765625;-156.8804931641;
12735.0312500000;-156.8759002686;
12882.4990234375;-156.8682250977;
13031.6611328125;-156.8622283936;
13182.5634765625;-156.8738861084;
13335.2138671875;-156.9011688232;
13489.6328125000;-156.9377136230;
13645.8388671875;-156.9790191650;
13803.8388671875;-157.0169219971;
13963.6826171875;-157.0520935059;
14125.3789062500;-157.0876464844;
14288.9462890625;-157.1237792969;
14454.3925781250;-157.1584930420;
14621.7705078125;-157.1830596924;
14791.0869140625;-157.1947326660;
14962.3632812500;-157.1967010498;
15135.6064453125;-157.1927185059;
15310.8730468750;-157.1876068115;
15488.1679687500;-157.1873016357;
15667.5166015625;-157.1998138428;
15848.9248046875;-157.2386016846;
16032.4511718750;-157.3038940430;
16218.1025390625;-157.3846893311;
16405.9042968750;-157.4608917236;
16595.8613281250;-157.5132293701;
16788.0371093750;-157.5336151123;
16982.4375000000;-157.5274658203;
17179.0898437500;-157.5062255859;
17378.0000000000;-157.4775695801;
17579.2324218750;-157.4435882568;
17782.7949218750;-157.4215698242;
17988.7148437500;-157.3873901367;
18197.0175781250;-157.3711395264;
18407.7148437500;-157.3866271973;
18620.8710937500;-157.4642791748;
18836.4941406250;-157.5256195068;
19054.6171875000;-157.5032043457;
19275.2421875000;-157.4378814697;
19498.4433593750;-157.3672180176;
19724.2304687500;-157.3213043213;
19952.6328125000;-157.3037414551;
20183.6562500000;-157.3032073975;
20417.3769531250;-157.3175964355;
20653.8046875000;-157.3955688477;
20892.9687500000;-157.5243530273;
21134.8808593750;-157.6011352539;
21379.6171875000;-157.6366729736;
21627.1875000000;-157.6300659180;
21877.6230468750;-157.5978851318;
22130.9355468750;-157.6010131836;
22387.2070312500;-157.6324005127;
22646.4433593750;-157.6739654541;
22908.6835937500;-157.7337341309;
23173.9335937500;-157.7820892334;
23442.2812500000;-157.8200225830;
23713.7363281250;-157.9126586914;
23988.3359375000;-158.0028839111;
24266.1132812500;-158.0243530273;
24547.0820312500;-158.0287475586;
24831.3300781250;-158.0637817383;
25118.8691406250;-158.1072998047;
25409.7402343750;-158.1028442383;
25703.9492187500;-158.0930938721;
26001.5937500000;-158.1224517822;
26302.6835937500;-158.1175231934;
26607.2617187500;-158.0437164307;
26915.3378906250;-157.9933013916;
27227.0097656250;-158.0097808838;
27542.2910156250;-157.9969329834;
27861.2226562500;-157.9181671143;
28183.8164062500;-157.8800048828;
28510.1777343750;-157.9381866455;
28840.3183593750;-158.0189361572;
29174.2812500000;-158.0228424072;
29512.0781250000;-158.0185699463;
29853.8203125000;-158.0970764160;
30199.5175781250;-158.1987915039;
30549.2207031250;-158.2401733398;
30902.9375000000;-158.2781524658;
31260.7851562500;-158.3144683838;
31622.7773437500;-158.3431091309;
31988.9589843750;-158.3698883057;
32359.3828125000;-158.3926391602;
32734.0585937500;-158.4107055664;
33113.1093750000;-158.4238128662;
33496.5507812500;-158.4200592041;
33884.4335937500;-158.4088592529;
34276.7656250000;-158.3707427979;
34673.6835937500;-158.3291931152;
35075.1953125000;-158.2816925049;
35481.3554687500;-158.2454986572;
35892.1796875000;-158.2192687988;
36307.8007812500;-158.2218933105;
36728.2343750000;-158.2347259521;
37153.5390625000;-158.2656860352;
37583.7226562500;-158.3024749756;
38018.9335937500;-158.3417663574;
38459.1796875000;-158.3760070801;
38904.5273437500;-158.3977813721;
39354.9882812500;-158.4079437256;
39810.7070312500;-158.3834075928;
40271.7070312500;-158.3412475586;
40738.0390625000;-158.2837219238;
41209.7304687500;-158.2119140625;
41686.9257812500;-158.1244812012;
42169.6484375000;-158.0182952881;
42657.9648437500;-157.8801116943;
43151.9296875000;-157.7312774658;
43651.5703125000;-157.6158752441;
44157.0429687500;-157.5542449951;
44668.3671875000;-157.5959625244;
45185.6171875000;-157.7063751221;
45708.8046875000;-157.8311309814;
46238.0976562500;-157.9463195801;
46773.5234375000;-158.0305023193;
47315.1484375000;-158.0962677002;
47862.9921875000;-158.1645507812;
48417.2304687500;-158.2361297607;
48977.8867187500;-158.3084106445;
49545.0390625000;-158.3753967285;
50118.7031250000;-158.4248809814;
50699.0625000000;-158.4467620850;
51286.1445312500;-158.4480743408;
51880.0234375000;-158.4432067871;
52480.7187500000;-158.4439849854;
53088.4335937500;-158.4531555176;
53703.1835937500;-158.4661712646;
54325.0507812500;-158.4829559326;
54954.0585937500;-158.5118408203;
55590.4101562500;-158.5556640625;
56234.1328125000;-158.6061706543;
56885.3085937500;-158.6598815918;
57544.0234375000;-158.7130889893;
58210.3046875000;-158.7440795898;
58884.3632812500;-158.7197723389;
59566.2265625000;-158.6121826172;
60255.9882812500;-158.4847259521;
60953.6679687500;-158.3912353516;
61659.4960937500;-158.3720855713;
62373.4960937500;-158.4222259521;
63095.7617187500;-158.4883575439;
63826.3242187500;-158.5034942627;
64565.4140625000;-158.4402008057;
65313.0625000000;-158.3204193115;
66069.3671875000;-158.1873779297;
66834.3593750000;-158.0913848877;
67608.2890625000;-158.1702575684;
68391.1718750000;-158.2786712646;
69183.1250000000;-158.3477783203;
69984.1640625000;-158.3692474365;
70794.5625000000;-158.3793029785;
71614.3437500000;-158.4365386963;
72443.6171875000;-158.5415496826;
73282.4140625000;-158.6047668457;
74131.0078125000;-158.6083221436;
74989.4218750000;-158.5052337646;
75857.7812500000;-158.4449005127;
76736.1875000000;-158.4855346680;
77624.6875000000;-158.5407867432;
78523.5625000000;-158.5089569092;
79432.8437500000;-158.4804382324;
80352.6484375000;-158.5623931885;
81283.0234375000;-158.7498626709;
82224.2578125000;-158.8625183105;
83176.3906250000;-158.9073486328;
84139.5546875000;-158.8458709717;
85113.7734375000;-158.7503356934;
86099.3671875000;-158.6753692627;
87096.3671875000;-158.6276550293;
88104.9218750000;-158.6142425537;
89125.0546875000;-158.6336212158;
90157.1015625000;-158.6360473633;
91201.0937500000;-158.5839843750;
92257.1718750000;-158.4995269775;
93325.3828125000;-158.4534454346;
94406.0703125000;-158.4542388916;
95499.2656250000;-158.4243469238;
96605.1171875000;-158.3913574219;
97723.6718750000;-158.4133911133;
98855.2812500000;-158.5071868896;
100000.0000000000;-158.4873962402;
101157.9687500000;-158.5279541016;
102329.3515625000;-158.5576171875;
103514.1875000000;-158.5770111084;
104712.8515625000;-158.5705566406;
105925.3984375000;-158.5544281006;
107151.9843750000;-158.5137481689;
108392.6562500000;-158.4676513672;
109647.8125000000;-158.4150238037;
110917.5000000000;-158.3677368164;
112201.8984375000;-158.3254547119;
113501.0390625000;-158.2959136963;
114815.3437500000;-158.2740783691;
116144.8750000000;-158.2559814453;
117489.8046875000;-158.2375640869;
118850.1718750000;-158.2185821533;
120226.4218750000;-158.2011413574;
121618.6093750000;-158.1955108643;
123026.9218750000;-158.2087402344;
124451.3984375000;-158.2372741699;
125892.5156250000;-158.2855987549;
127350.3125000000;-158.3399505615;
128824.9921875000;-158.3881835938;
130316.6093750000;-158.4250030518;
131825.6406250000;-158.4357757568;
133352.1406250000;-158.4336242676;
134896.3281250000;-158.4271697998;
136458.3906250000;-158.4223937988;
138038.3906250000;-158.4252471924;
139636.8281250000;-158.4276123047;
141253.7812500000;-158.4261474609;
142889.4687500000;-158.4225769043;
144543.9218750000;-158.4228057861;
146217.7031250000;-158.4419250488;
147910.8593750000;-158.4776763916;
149623.6250000000;-158.5156555176;
151356.0625000000;-158.5423431396;
153108.7187500000;-158.5493316650;
154881.6875000000;-158.5386047363;
156675.1718750000;-158.5233764648;
158489.2500000000;-158.5201873779;
160324.5156250000;-158.5301055908;
162181.0312500000;-158.5452728271;
164059.0312500000;-158.5562438965;
165958.6093750000;-158.5561370850;
167880.3593750000;-158.5413513184;
169824.3750000000;-158.5095672607;
171790.8906250000;-158.4599914551;
173779.9843750000;-158.3988189697;
175792.3125000000;-158.3435668945;
177827.9375000000;-158.3178253174;
179887.1406250000;-158.3111419678;
181970.1875000000;-158.3325042725;
184077.1406250000;-158.3580627441;
186208.7031250000;-158.3752899170;
188364.9531250000;-158.3860168457;
190546.1562500000;-158.4027557373;
192752.4218750000;-158.4332427979;
194984.4375000000;-158.4795837402;
197242.3125000000;-158.5312500000;
199526.3125000000;-158.5602111816;
201836.5625000000;-158.5383148193;
204173.7656250000;-158.4681701660;
206538.0468750000;-158.3744812012;
208929.7031250000;-158.3806610107;
211348.8125000000;-158.4340820312;
213796.1718750000;-158.4760894775;
216271.8750000000;-158.4854278564;
218776.2343750000;-158.4580230713;
221309.3593750000;-158.4301910400;
223872.0625000000;-158.4230804443;
226464.4375000000;-158.4190979004;
229086.8281250000;-158.4024200439;
231739.3437500000;-158.3873901367;
234422.8125000000;-158.3984985352;
237137.3750000000;-158.4457092285;
239883.3593750000;-158.4831085205;
242661.1406250000;-158.4754638672;
245470.8125000000;-158.4314117432;
248313.2968750000;-158.4121093750;
251188.7031250000;-158.4607696533;
254097.3906250000;-158.5270233154;
257039.4843750000;-158.5399169922;
260015.9375000000;-158.4957122803;
263026.8437500000;-158.4448242188;
266072.6250000000;-158.4290313721;
269153.3750000000;-158.4519348145;
272270.0937500000;-158.4863739014;
275422.9062500000;-158.5085449219;
278612.2187500000;-158.5067443848;
281838.1562500000;-158.4697113037;
285101.7812500000;-158.4217071533;
288403.1875000000;-158.3825378418;
291742.8125000000;-158.3535461426;
295120.7812500000;-158.3876342773;
298538.1875000000;-158.4956970215;
301995.1875000000;-158.4552154541;
305492.2187500000;-158.4450988770;
309029.3750000000;-158.4340057373;
312607.8437500000;-158.4229125977;
316227.7812500000;-158.4118499756;
319889.5937500000;-158.4031982422;
323593.8125000000;-158.3958435059;
327340.5937500000;-158.3945007324;
331131.0937500000;-158.3950042725;
334965.5000000000;-158.3982543945;
338844.3125000000;-158.4016571045;
342767.6562500000;-158.4045257568;
346736.8125000000;-158.4056549072;
350751.9375000000;-158.4067535400;
354813.5312500000;-158.4089050293;
358921.7812500000;-158.4152679443;
363078.0000000000;-158.4276733398;
367282.3437500000;-158.4439392090;
371535.3750000000;-158.4644470215;
375837.2500000000;-158.4839477539;
380189.3437500000;-158.5009307861;
384591.8125000000;-158.5144958496;
389045.2812500000;-158.5252380371;
393549.8750000000;-158.5386962891;
398107.0937500000;-158.5559234619;
402717.0625000000;-158.5784912109;
407380.4062500000;-158.6043701172;
412097.3125000000;-158.6273956299;
416869.2812500000;-158.6459350586;
421696.5000000000;-158.6591949463;
426579.6250000000;-158.6691436768;
431519.3125000000;-158.6824340820;
436515.6875000000;-158.7016143799;
441570.4375000000;-158.7270507812;
446683.6875000000;-158.7575988770;
451856.1562500000;-158.7906646729;
457088.0312500000;-158.8242645264;
462380.9687500000;-158.8608703613;
467735.2187500000;-158.9053955078;
473151.4687500000;-158.9616088867;
478629.9062500000;-159.0293884277;
484172.3125000000;-159.1030578613;
489778.8750000000;-159.1723022461;
495450.3750000000;-159.2267456055;
501187.0000000000;-159.2632141113;
506990.6250000000;-159.2902069092;
512861.4375000000;-159.3233337402;
518800.2187500000;-159.3729705811;
524807.1875000000;-159.4363098145;
530884.3125000000;-159.5048217773;
537031.8125000000;-159.5732116699;
543250.5000000000;-159.6504058838;
549540.5625000000;-159.7425231934;
555904.1250000000;-159.8446807861;
562341.3125000000;-159.9473266602;
568853.0625000000;-160.0486602783;
575440.2500000000;-160.1549835205;
582103.0625000000;-160.2682495117;
588843.6250000000;-160.4245300293;
595662.2500000000;-160.5460815430;
602559.8750000000;-160.6167449951;
609536.6875000000;-160.6999664307;
616594.9375000000;-160.8016967773;
623734.9375000000;-160.9161376953;
630957.6250000000;-161.0330047607;
638263.2500000000;-161.1841583252;
645654.1250000000;-161.2803039551;
653130.6250000000;-161.3021240234;
660693.6875000000;-161.3162994385;
668343.6250000000;-161.3978271484;
676082.8750000000;-161.5716247559;
683911.6875000000;-161.7299957275;
691831.1875000000;-161.9783935547;
699841.6875000000;-162.2185363770;
707945.6250000000;-162.3560485840;
716143.4375000000;-162.5054779053;
724436.1875000000;-162.6193237305;
732824.1250000000;-162.6946868896;
741310.0625000000;-162.8251342773;
749894.1875000000;-162.9737548828;
758577.7500000000;-163.1253204346;
767361.8750000000;-163.2530364990;
776246.8750000000;-163.3230895996;
785235.6250000000;-163.4499664307;
794328.4375000000;-163.6093292236;
803526.5000000000;-163.7364807129;
812830.2500000000;-163.8057556152;
822242.5625000000;-163.8825073242;
831763.9375000000;-164.0412902832;
841395.5000000000;-164.1416168213;
851137.6875000000;-164.2461853027;
860993.6250000000;-164.4091339111;
870963.6875000000;-164.5730438232;
881049.2500000000;-164.5943145752;
891250.5625000000;-164.5196838379;
901571.0000000000;-164.5403137207;
912010.9375000000;-164.6354980469;
922571.7500000000;-164.6390380859;
933253.8750000000;-164.6160125732;
944060.6875000000;-164.6496276855;
954992.6250000000;-164.7588043213;
966051.1875000000;-164.8476562500;
977236.6875000000;-164.9246978760;
988552.8125000000;-165.0023651123;
1000000.0000000000;-165.1063537598;
