Window;1;Noise Spectrum;
Trace;1;
1.0000000000;-58.9844856262;
1.0115795135;-58.8570480347;
1.0232930183;-58.7185516357;
1.0351421833;-58.5696105957;
1.0471285582;-58.4206657410;
1.0592536926;-58.2717247009;
1.0715192556;-58.1227836609;
1.0839269161;-58.0008773804;
1.0964782238;-57.9607658386;
1.1091748476;-57.9206504822;
1.1220184565;-57.8805389404;
1.1350108385;-57.8404273987;
1.1481536627;-57.8388710022;
1.1614485979;-57.9346389771;
1.1748975515;-58.0304107666;
1.1885021925;-58.1261825562;
1.2022644281;-58.2219505310;
1.2161860466;-58.3696937561;
1.2302688360;-58.5539245605;
1.2445145845;-58.7381515503;
1.2589254379;-58.9223823547;
1.2735030651;-59.1095581055;
1.2882494926;-59.3160591125;
1.3031667471;-59.5225639343;
1.3182567358;-59.7290649414;
1.3335214853;-59.9355697632;
1.3489629030;-60.1468353271;
1.3645831347;-60.3586654663;
1.3803843260;-60.5704956055;
1.3963683844;-60.7823219299;
1.4125375748;-60.9990119934;
1.4288939238;-61.2165336609;
1.4454398155;-61.4340591431;
1.4621771574;-61.6515846252;
1.4791084528;-61.7780914307;
1.4962356091;-61.9039268494;
1.5135612488;-62.0297660828;
1.5310875177;-62.0901527405;
1.5488165617;-61.9948844910;
1.5667510033;-61.8996162415;
1.5848932266;-61.8043441772;
1.6032453775;-61.6016807556;
1.6218100786;-61.3632621765;
1.6405898333;-61.1248435974;
1.6595869064;-60.9044151306;
1.6788040400;-60.7183532715;
1.6982436180;-60.5322914124;
1.7179083824;-60.3583564758;
1.7378008366;-60.3574676514;
1.7579236031;-60.3565788269;
1.7782794237;-60.3556861877;
1.7988709211;-60.5947265625;
1.8197008371;-60.8584747314;
1.8407719135;-61.1222229004;
1.8620871305;-61.6797714233;
1.8836491108;-62.2856903076;
1.9054607153;-62.8916091919;
1.9275249243;-63.9235076904;
1.9498445988;-64.9954910278;
1.9724227190;-66.1153259277;
1.9952623844;-67.9133148193;
2.0183663368;-69.7112884521;
2.0417380333;-71.7580337524;
2.0653800964;-74.3629989624;
2.0892961025;-76.9679946899;
2.1134889126;-77.1778717041;
2.1379621029;-76.0136642456;
2.1627185345;-74.8248367310;
2.1877615452;-73.0801696777;
2.2130947113;-71.3354873657;
2.2387211323;-70.0424270630;
2.2646441460;-69.1586074829;
2.2908678055;-68.3153839111;
2.3173947334;-67.9539718628;
2.3442287445;-67.5925674438;
2.3713736534;-67.5258178711;
2.3988327980;-67.5866241455;
2.4266099930;-67.8010787964;
2.4547088146;-68.2646331787;
2.4831330776;-68.7700729370;
2.5118863583;-69.5679168701;
2.5409727097;-70.3657684326;
2.5703957081;-71.1999740601;
2.6001594067;-72.0370864868;
2.6302678585;-72.5620880127;
2.6607251167;-72.9998092651;
2.6915347576;-73.1867904663;
2.7227013111;-73.2602691650;
2.7542285919;-73.2490463257;
2.7861211300;-73.1911010742;
2.8183827400;-73.0304794312;
2.8510184288;-72.8140029907;
2.8840315342;-72.5771026611;
2.9174270630;-72.3312683105;
2.9512093067;-72.3160247803;
2.9853825569;-72.3633117676;
3.0199515820;-72.8255386353;
3.0549211502;-73.3455505371;
3.0902955532;-74.0783843994;
3.1260793209;-74.7106628418;
3.1622776985;-75.1072235107;
3.1988949776;-75.2541275024;
3.2359364033;-75.1919479370;
3.2734067440;-74.9848480225;
3.3113110065;-74.7298812866;
3.3496541977;-74.3685684204;
3.3884413242;-73.9205093384;
3.4276781082;-73.3796081543;
3.4673686028;-72.7312850952;
3.5075187683;-72.0546112061;
3.5481340885;-71.3481292725;
3.5892193317;-70.6587219238;
3.6307804585;-69.9975280762;
3.6728229523;-69.4436187744;
3.7153522968;-69.0499954224;
3.7583739758;-68.7945632935;
3.8018937111;-68.8012390137;
3.8459177017;-69.0278778076;
3.8904511929;-69.4089050293;
3.9355010986;-69.9600982666;
3.9810719490;-70.6103744507;
4.0271706581;-71.2958679199;
4.0738029480;-72.0097427368;
4.1209754944;-72.7840347290;
4.1686940193;-73.5897293091;
4.2169651985;-74.3189086914;
4.2657952309;-74.8951187134;
4.3151907921;-75.2023010254;
4.3651580811;-75.4150009155;
4.4157042503;-75.6129531860;
4.4668354988;-75.8387222290;
4.5185589790;-76.1314010620;
4.5708823204;-76.5655899048;
4.6238102913;-77.1626281738;
4.6773514748;-77.9171524048;
4.7315125465;-78.8599929810;
4.7863011360;-80.0352706909;
4.8417239189;-81.4295120239;
4.8977880478;-82.7798156738;
4.9545016289;-82.8044357300;
5.0118722916;-81.2006530762;
5.0699067116;-79.4438095093;
5.1286134720;-78.3194122314;
5.1880002022;-78.0160293579;
5.2480750084;-78.2510452271;
5.3088445663;-78.4328536987;
5.3703184128;-78.2512435913;
5.4325037003;-78.0829696655;
5.4954090118;-78.5335388184;
5.5590424538;-79.0676727295;
5.6234130859;-80.7856597900;
5.6885290146;-82.3019409180;
5.7543992996;-81.9658126831;
5.8210320473;-81.2667922974;
5.8884363174;-80.4886703491;
5.9566211700;-78.9961547852;
6.0255956650;-77.0982055664;
6.0953693390;-75.4155578613;
6.1659502983;-74.4081649780;
6.2373485565;-74.2924118042;
6.3095736504;-75.0965270996;
6.3826351166;-76.6220245361;
6.4565424919;-78.5269622803;
6.5313053131;-78.3055267334;
6.6069345474;-77.5552444458;
6.6834387779;-77.3795547485;
6.7608294487;-78.1180572510;
6.8391160965;-80.7036972046;
6.9183092117;-83.1825332642;
6.9984202385;-83.5069503784;
7.0794582367;-83.4502792358;
7.1614346504;-82.0132904053;
7.2443599701;-80.1562347412;
7.3282456398;-79.3880004883;
7.4131026268;-78.9912796021;
7.4989418983;-79.3922195435;
7.5857758522;-80.5518035889;
7.6736145020;-80.7911682129;
7.7624707222;-79.9300003052;
7.8523559570;-78.0523757935;
7.9432821274;-76.4298095703;
8.0352611542;-75.9118499756;
8.1283054352;-76.5959014893;
8.2224273682;-78.2148895264;
8.3176383972;-79.8638839722;
8.4139518738;-80.9848098755;
8.5113801956;-81.7169418335;
8.6099376678;-82.5992355347;
8.7096357346;-84.5225067139;
8.8104887009;-85.7784652710;
8.9125089645;-83.8884735107;
9.0157108307;-81.7418365479;
9.1201076508;-80.0020675659;
9.2257137299;-78.9295501709;
9.3325433731;-78.5558166504;
9.4406089783;-79.5710601807;
9.5499258041;-80.7493591309;
9.6605091095;-80.1831893921;
9.7723722458;-78.4135284424;
9.8855314255;-76.9850921631;
10.0000000000;-79.5639114380;
10.1157941818;-79.5469131470;
10.2329292297;-79.6468124390;
10.3514213562;-79.8719635010;
10.4712848663;-80.2128829956;
10.5925369263;-80.6432495117;
10.7151927948;-81.1244812012;
10.8392686844;-81.6147766113;
10.9647808075;-82.0800094604;
11.0917472839;-82.4132003784;
11.2201833725;-82.7848815918;
11.3501071930;-83.0780029297;
11.4815349579;-83.2639389038;
11.6144876480;-83.3089828491;
11.7489767075;-83.1899337769;
11.8850231171;-82.6807403564;
12.0226459503;-81.9084091187;
12.1618614197;-81.2659912109;
12.3026885986;-80.5990600586;
12.4451465607;-79.9788894653;
12.5892543793;-79.4761276245;
12.7350311279;-79.1481170654;
12.8824958801;-79.0326919556;
13.0316677094;-79.3128585815;
13.1825675964;-80.0175628662;
13.3352146149;-80.6757583618;
13.4896287918;-81.3460006714;
13.6458311081;-81.8722076416;
13.8038425446;-82.0504226685;
13.9636831284;-81.6092758179;
14.1253747940;-81.0831604004;
14.2889385223;-80.2749938965;
14.4543962479;-79.6039199829;
14.6217708588;-79.2545166016;
14.7910823822;-78.9702377319;
14.9623546600;-78.6337432861;
15.1356105804;-78.3689498901;
15.3108730316;-78.2063980103;
15.4881677628;-78.1695938110;
15.6675128937;-78.2577896118;
15.8489332199;-78.6051483154;
16.0324554443;-79.2045440674;
16.2181015015;-80.0820236206;
16.4058990479;-81.1115264893;
16.5958709717;-81.9888916016;
16.7880401611;-82.5638580322;
16.9824371338;-82.6999969482;
17.1790847778;-82.5226898193;
17.3780078888;-82.0182342529;
17.5792369843;-81.2977752686;
17.7827949524;-81.0426559448;
17.9887084961;-81.3189392090;
18.1970081329;-82.0634994507;
18.4077186584;-83.1542434692;
18.6208705902;-84.2647705078;
18.8364906311;-84.2257690430;
19.0546054840;-83.4838638306;
19.2752475739;-82.4510726929;
19.4984436035;-81.8880081177;
19.7242259979;-81.9303817749;
19.9526214600;-82.2611618042;
20.1836605072;-82.6616058350;
20.4173774719;-82.8851165771;
20.6538047791;-82.4647445679;
20.8929634094;-81.7183990479;
21.1348934174;-81.2260894775;
21.3796234131;-81.2271423340;
21.6271877289;-81.5832138062;
21.8776187897;-82.1088104248;
22.1309490204;-82.8351135254;
22.3872127533;-83.6946640015;
22.6464443207;-84.1023788452;
22.9086780548;-83.6571426392;
23.1739463806;-83.0011138916;
23.4422893524;-82.8469238281;
23.7137374878;-83.3349685669;
23.9883289337;-84.1001815796;
24.2660999298;-84.5060729980;
24.5470886230;-84.1886596680;
24.8313293457;-83.6828918457;
25.1188621521;-83.5710067749;
25.4097251892;-83.8686599731;
25.7039566040;-84.8466873169;
26.0015926361;-85.9581146240;
26.3026771545;-85.9301452637;
26.6072483063;-85.2254638672;
26.9153442383;-84.7736816406;
27.2270088196;-84.3673324585;
27.5422897339;-84.2280960083;
27.8612155914;-84.7465820313;
28.1838321686;-85.5369491577;
28.5101852417;-85.9135589600;
28.8403167725;-85.9439315796;
29.1742725372;-85.6236419678;
29.5120944977;-84.8292388916;
29.8538284302;-83.8397521973;
30.1995182037;-84.3300399780;
30.5492115021;-84.4680252075;
30.9029541016;-84.7149505615;
31.2607936859;-85.0101165771;
31.6227760315;-85.3284912109;
31.9889507294;-85.6397476196;
32.3593635559;-85.8685302734;
32.7340698242;-86.0154418945;
33.1131095886;-86.0749969482;
33.4965438843;-86.0381164551;
33.8844146729;-85.9656906128;
34.2767753601;-85.8913879395;
34.6736831665;-85.8305816650;
35.0751838684;-85.7957382202;
35.4813346863;-85.7859344482;
35.8921890259;-85.7866973877;
36.3078002930;-85.7950744629;
36.7282333374;-85.8095932007;
37.1535263062;-85.8303070068;
37.5837440491;-85.8559188843;
38.0189437866;-85.8820266724;
38.4591827393;-85.9107131958;
38.9045181274;-85.9483337402;
39.3550109863;-85.9975280762;
39.8107185364;-86.0467376709;
40.2717056274;-86.0624694824;
40.7380294800;-85.9968338013;
41.2097511292;-85.8219680786;
41.6869392395;-85.5727767944;
42.1696510315;-85.3525543213;
42.6579513550;-85.2587509155;
43.1519050598;-85.3494186401;
43.6515808105;-85.6248245239;
44.1570434570;-86.0230865479;
44.6683578491;-86.5156936646;
45.1855926514;-86.8474349976;
45.7088165283;-87.0956573486;
46.2380981445;-87.3158187866;
46.7735099792;-87.5573272705;
47.3151206970;-87.8332595825;
47.8630027771;-88.1230316162;
48.4172286987;-88.3682098389;
48.9778900146;-88.4497146606;
49.5450248718;-88.2094116211;
50.1187286377;-87.1458587646;
50.6990776062;-85.9434051514;
51.2861442566;-85.3969268799;
51.8800086975;-85.2080993652;
52.4807510376;-85.3917846680;
53.0884475708;-85.8919677734;
53.7031822205;-86.9277191162;
54.3250350952;-87.8599929810;
54.9540901184;-88.2007064819;
55.5904273987;-88.3850936890;
56.2341308594;-88.5541687012;
56.8852920532;-88.2581253052;
57.5439910889;-87.7201995850;
58.2103195190;-87.8344955444;
58.8843612671;-87.9149017334;
59.5662117004;-87.9817886353;
60.2559547424;-87.9652557373;
60.9536857605;-87.9875946045;
61.6594963074;-88.0224609375;
62.3734779358;-88.1089782715;
63.0957260132;-88.7668304443;
63.8263397217;-88.7652435303;
64.5654144287;-88.2405700684;
65.3130645752;-87.8741607666;
66.0693511963;-87.8990936279;
66.8343963623;-88.3557205200;
67.6083068848;-88.9122238159;
68.3911743164;-89.2163009644;
69.1831054688;-89.2175979614;
69.9842071533;-88.9994812012;
70.7945785522;-88.7800445557;
71.6143417358;-88.6835403442;
72.4435958862;-88.9247741699;
73.2824554443;-89.5340042114;
74.1310272217;-90.4044113159;
74.9894180298;-91.0217819214;
75.8577575684;-90.5202713013;
76.7361450195;-89.9835052490;
77.6247100830;-89.6474151611;
78.5235595703;-89.5326538086;
79.4328155518;-89.9107742310;
80.3526077271;-90.5508728027;
81.2830429077;-91.3655319214;
82.2242584229;-92.2593536377;
83.1763687134;-92.5889511108;
84.1395034790;-92.2172927856;
85.1137924194;-91.4309082031;
86.0993652344;-91.1600189209;
87.0963668823;-91.7349548340;
88.1048965454;-92.0641555786;
89.1251068115;-91.1212539673;
90.1571197510;-90.1465682983;
91.2010955811;-90.0686874390;
92.2571487427;-90.5996246338;
93.3254394531;-91.0945205688;
94.4060897827;-91.3706741333;
95.4992599487;-91.2009582520;
96.6050872803;-90.4814910889;
97.7237243652;-90.5210113525;
98.8553085327;-91.3802795410;
100.0000000000;-91.5077056885;
101.1579742432;-91.5521621704;
102.3292999268;-91.5523605347;
103.5142440796;-91.5107421875;
104.7128524780;-91.4269714355;
105.9253921509;-91.3329696655;
107.1519241333;-91.2447586060;
108.3927154541;-91.1765518188;
109.6478118896;-91.1324996948;
110.9175033569;-91.1184005737;
112.2018356323;-91.1074829102;
113.5010986328;-91.0868835449;
114.8153457642;-91.0305252075;
116.1448745728;-90.9539947510;
117.4897384644;-90.8605575562;
118.8502349854;-90.8153076172;
120.2264251709;-90.8195953369;
121.6186141968;-90.9509658813;
123.0268554688;-91.1661300659;
124.4514694214;-91.4247360229;
125.8925170898;-91.6947097778;
127.3503112793;-91.8864440918;
128.8249206543;-92.0134353638;
130.3166809082;-92.0758132935;
131.8256378174;-92.1039276123;
133.3521423340;-92.1580810547;
134.8963165283;-92.2353820801;
136.4583129883;-92.3295135498;
138.0384674072;-92.3930130005;
139.6368255615;-92.3961486816;
141.2537841797;-92.3675003052;
142.8893890381;-92.3340072632;
144.5440063477;-92.3277969360;
146.2176971436;-92.3669662476;
147.9108581543;-92.4229812622;
149.6235504150;-92.4914245605;
151.3561553955;-92.5877151489;
153.1087188721;-92.7314529419;
154.8816833496;-92.9294815063;
156.6750793457;-93.1523513794;
158.4893341064;-93.3238983154;
160.3245086670;-93.4147186279;
162.1810302734;-93.4555740356;
164.0589447021;-93.4876174927;
165.9586944580;-93.5230560303;
167.8803710938;-93.5378799438;
169.8243713379;-93.4969329834;
171.7908020020;-93.3861465454;
173.7800903320;-93.2275543213;
175.7923126221;-93.0762405396;
177.8279418945;-93.0038452148;
179.8871459961;-93.0051803589;
181.9700775146;-93.1544342041;
184.0772399902;-93.4088973999;
186.2087097168;-93.8138046265;
188.3649444580;-94.1628799438;
190.5460662842;-94.3641433716;
192.7525329590;-94.5371932983;
194.9844360352;-94.6587371826;
197.2423095703;-94.7172851563;
199.5262145996;-94.7310180664;
201.8366699219;-94.7467117310;
204.1737670898;-94.8123474121;
206.5380401611;-94.9944000244;
208.9295806885;-95.1200637817;
211.3489227295;-95.1133193970;
213.7961730957;-95.0678482056;
216.2718658447;-95.0030593872;
218.7761230469;-94.8713989258;
221.3094787598;-94.7697372437;
223.8720703125;-94.8067703247;
226.4644470215;-94.9767761230;
229.0867156982;-95.4346313477;
231.7394714355;-95.7993392944;
234.4228210449;-95.6526794434;
237.1373748779;-94.3725128174;
239.8833618164;-92.4029693604;
242.6610107422;-91.1476974487;
245.4709472656;-90.3379898071;
248.3132934570;-90.8460998535;
251.1887054443;-92.4672927856;
254.0972595215;-94.0385818481;
257.0396423340;-94.6704559326;
260.0159301758;-94.8896713257;
263.0268554688;-92.2581253052;
266.0724792480;-86.8532028198;
269.1535339355;-81.6128845215;
272.2700805664;-78.8211288452;
275.4229125977;-78.4368820190;
278.6120605469;-80.1454467773;
281.8383178711;-84.0717086792;
285.1017761230;-90.1241149902;
288.4031677246;-93.7812728882;
291.7426452637;-93.9310379028;
295.1209411621;-92.2875671387;
298.5382080078;-90.8812713623;
301.9951782227;-90.9378585815;
305.4920349121;-92.2587127686;
309.0295410156;-93.1966400146;
312.6078491211;-94.0782852173;
316.2277526855;-94.7053375244;
319.8895874023;-95.2637863159;
323.5936584473;-95.6715698242;
327.3407592773;-95.9615325928;
331.1311035156;-96.1259918213;
334.9655151367;-96.0945510864;
338.8441467285;-95.9764480591;
342.7678527832;-95.5251007080;
346.7368164063;-94.9941101074;
350.7519226074;-94.2562026978;
354.8133544922;-93.5528564453;
358.9219970703;-92.8798675537;
363.0780029297;-92.5282897949;
367.2823486328;-92.3484802246;
371.5351867676;-92.5416870117;
375.8374328613;-93.0380325317;
380.1893310547;-93.7069931030;
384.5918273926;-94.5328979492;
389.0450744629;-95.1112442017;
393.5501098633;-95.4514312744;
398.1070861816;-94.9435501099;
402.7170410156;-94.1817779541;
407.3801879883;-93.2446975708;
412.0975341797;-92.5047760010;
416.8692626953;-92.1434326172;
421.6965026855;-92.1408691406;
426.5796203613;-92.6354446411;
431.5190734863;-93.6258926392;
436.5159301758;-94.7994995117;
441.5704345703;-96.0248947144;
446.6836853027;-96.9385452271;
451.8559265137;-97.3263397217;
457.0882873535;-97.3403549194;
462.3809814453;-97.0102539063;
467.7352294922;-96.3448104858;
473.1512145996;-95.3958892822;
478.6301574707;-94.4963150024;
484.1723022461;-93.8372955322;
489.7788696289;-93.5784606934;
495.4501037598;-93.8137741089;
501.1872863770;-94.5152130127;
506.9906311035;-94.7658157349;
512.8614501953;-93.4787826538;
518.7999267578;-91.0759963989;
524.8074951172;-88.5284423828;
530.8843383789;-86.6545562744;
537.0317993164;-85.7390518188;
543.2501831055;-85.8627471924;
549.5408935547;-87.0645904541;
555.9041137695;-89.3880844116;
562.3413085938;-92.6486968994;
568.8530883789;-95.9688034058;
575.4399414063;-97.7367630005;
582.1033325195;-97.7475128174;
588.8436279297;-97.1092529297;
595.6622924805;-96.5544204712;
602.5595703125;-96.6679916382;
609.5369873047;-97.3050918579;
616.5949707031;-98.1343536377;
623.7349243164;-98.2501907349;
630.9572753906;-96.2173385620;
638.2636108398;-92.6341781616;
645.6541137695;-89.3823471069;
653.1306152344;-87.2310867310;
660.6933593750;-86.3360824585;
668.3439941406;-87.4628753662;
676.0828857422;-91.2280426025;
683.9116821289;-94.9549255371;
691.8308105469;-98.2250061035;
699.8420410156;-99.2585830688;
707.9456176758;-98.4711456299;
716.1434326172;-95.7549057007;
724.4357910156;-93.2728958130;
732.8245239258;-92.3699874878;
741.3100585938;-92.3407363892;
749.8942260742;-92.3898315430;
758.5777587891;-89.1831893921;
767.3614501953;-86.3139266968;
776.2473144531;-84.2589797974;
785.2355957031;-84.7978668213;
794.3284301758;-86.8899154663;
803.5260620117;-91.7464828491;
812.8306884766;-96.5127182007;
822.2425537109;-96.5853271484;
831.7639160156;-96.5294799805;
841.3950195313;-97.4618606567;
851.1381835938;-98.8387374878;
860.9936523438;-99.7572021484;
870.9636840820;-98.6679153442;
881.0487670898;-95.5951385498;
891.2510375977;-92.8235015869;
901.5709838867;-92.1657028198;
912.0109252930;-94.0940628052;
922.5712280273;-97.6771087646;
933.2543334961;-99.7691040039;
944.0606689453;-99.8887100220;
954.9926147461;-99.4567871094;
966.0506591797;-98.4345855713;
977.2372436523;-97.4118652344;
988.5528564453;-97.4337158203;
1000.0000000000;-98.2580032349;
1011.5797119141;-98.3940048218;
1023.2929687500;-98.4741134644;
1035.1424560547;-98.5014343262;
1047.1285400391;-98.2635650635;
1059.2539062500;-97.9161911011;
1071.5192871094;-97.2305221558;
1083.9271240234;-96.5079574585;
1096.4781494141;-95.7408905029;
1109.1750488281;-95.1759109497;
1122.0183105469;-94.7499847412;
1135.0109863281;-94.6401596069;
1148.1534423828;-94.8245697021;
1161.4487304688;-95.1925888062;
1174.8973388672;-95.8148117065;
1188.5023193359;-96.3874588013;
1202.2642822266;-96.8717956543;
1216.1861572266;-96.9919052124;
1230.2685546875;-96.9272994995;
1244.5146484375;-96.7830429077;
1258.9251708984;-96.6640625000;
1273.5031738281;-96.4420242310;
1288.2492675781;-95.8975143433;
1303.1667480469;-94.9257354736;
1318.2563476563;-93.3906555176;
1333.5214843750;-91.9376525879;
1348.9632568359;-90.7420654297;
1364.5831298828;-89.9534072876;
1380.3846435547;-89.8123245239;
1396.3682861328;-90.2505798340;
1412.5378417969;-91.1282043457;
1428.8939208984;-92.2786254883;
1445.4400634766;-93.4317932129;
1462.1770019531;-93.9978561401;
1479.1086425781;-94.1209793091;
1496.2354736328;-94.2374038696;
1513.5615234375;-94.5636215210;
1531.0872802734;-95.0888977051;
1548.8167724609;-95.5358810425;
1566.7508544922;-95.4604873657;
1584.8933105469;-94.8432006836;
1603.2451171875;-94.3374862671;
1621.8101806641;-94.2865066528;
1640.5894775391;-94.7911834717;
1659.5870361328;-95.7109832764;
1678.8035888672;-96.6557846069;
1698.2437744141;-97.2254104614;
1717.9079589844;-97.4081192017;
1737.8009033203;-97.5650177002;
1757.9230957031;-97.9238967896;
1778.2794189453;-98.2014083862;
1798.8713378906;-98.2921524048;
1819.7008056641;-97.6365356445;
1840.7724609375;-96.7219696045;
1862.0870361328;-96.2248840332;
1883.6495361328;-96.6378555298;
1905.4605712891;-96.5656738281;
1927.5252685547;-95.6580581665;
1949.8444824219;-94.5846252441;
1972.4230957031;-94.0572662354;
1995.2620849609;-94.3539199829;
2018.3666992188;-95.4898529053;
2041.7376708984;-97.2685775757;
2065.3803710938;-99.7608337402;
2089.2958984375;-100.9983215332;
2113.4892578125;-101.2566833496;
2137.9616699219;-101.4910278320;
2162.7187500000;-101.6619415283;
2187.7612304688;-101.6697692871;
2213.0949707031;-101.5774078369;
2238.7207031250;-101.4532699585;
2264.6442871094;-101.0179443359;
2290.8671875000;-99.5063858032;
2317.3947753906;-98.1234512329;
2344.2282714844;-97.7981567383;
2371.3737792969;-98.0409851074;
2398.8334960938;-97.7318725586;
2426.6101074219;-96.8139190674;
2454.7094726563;-95.9538116455;
2483.1330566406;-96.3495788574;
2511.8869628906;-97.2665557861;
2540.9726562500;-96.9388885498;
2570.3962402344;-96.2798995972;
2600.1594238281;-96.6741409302;
2630.2685546875;-97.1855087280;
2660.7248535156;-96.3730010986;
2691.5351562500;-95.6532440186;
2722.7009277344;-96.0348510742;
2754.2290039063;-96.0728836060;
2786.1208496094;-94.7582397461;
2818.3833007813;-94.0522689819;
2851.0178222656;-94.9631729126;
2884.0317382813;-97.4659957886;
2917.4265136719;-100.6269607544;
2951.2094726563;-101.2963790894;
2985.3820800781;-100.3291778564;
3019.9519042969;-96.6140060425;
3054.9204101563;-96.3123168945;
3090.2954101563;-95.9975509644;
3126.0786132813;-95.7201614380;
3162.2775878906;-95.6119537354;
3198.8959960938;-95.5811309814;
3235.9365234375;-95.7201995850;
3273.4077148438;-95.9388351440;
3311.3110351563;-96.2421875000;
3349.6550292969;-96.5786514282;
3388.4414062500;-96.9297409058;
3427.6784667969;-97.2573471069;
3467.3681640625;-97.5677032471;
3507.5192871094;-97.8219223022;
3548.1335449219;-97.9977340698;
3589.2199707031;-98.1045227051;
3630.7800292969;-98.0415344238;
3672.8234863281;-97.9232940674;
3715.3518066406;-97.7124252319;
3758.3745117188;-97.5049514771;
3801.8933105469;-97.3079833984;
3845.9182128906;-97.1942977905;
3890.4506835938;-97.1397857666;
3935.5009765625;-97.1356582642;
3981.0708007813;-97.2012557983;
4027.1704101563;-97.2899398804;
4073.8017578125;-97.4013900757;
4120.9750976563;-97.5547866821;
4168.6928710938;-97.7630004883;
4216.9648437500;-98.0262069702;
4265.7963867188;-98.3702468872;
4315.1904296875;-98.7961196899;
4365.1591796875;-99.2537307739;
4415.7041015625;-99.7254943848;
4466.8369140625;-100.1689987183;
4518.5590820313;-100.5573730469;
4570.8828125000;-100.9149627686;
4623.8095703125;-101.2576446533;
4677.3520507813;-101.6097869873;
4731.5122070313;-101.9713745117;
4786.3017578125;-102.2907638550;
4841.7231445313;-102.5269470215;
4897.7890625000;-102.6516799927;
4954.5009765625;-102.6590881348;
5011.8730468750;-102.5760040283;
5069.9062500000;-102.4664535522;
5128.6142578125;-102.3621215820;
5187.9995117188;-102.2761306763;
5248.0747070313;-102.2118606567;
5308.8432617188;-102.1653671265;
5370.3183593750;-102.1288757324;
5432.5019531250;-102.0955276489;
5495.4086914063;-102.0634918213;
5559.0410156250;-102.0301742554;
5623.4130859375;-101.9743194580;
5688.5307617188;-101.8552398682;
5754.3994140625;-101.6370773315;
5821.0336914063;-101.3313598633;
5888.4365234375;-101.0118560791;
5956.6225585938;-100.7332916260;
6025.5957031250;-100.6435012817;
6095.3701171875;-100.6660919189;
6165.9497070313;-100.7501831055;
6237.3496093750;-100.8312225342;
6309.5727539063;-100.8513946533;
6382.6357421875;-100.7957458496;
6456.5415039063;-100.6820220947;
6531.3061523438;-100.5068435669;
6606.9335937500;-100.2485504150;
6683.4399414063;-99.7691802979;
6760.8286132813;-99.3611450195;
6839.1171875000;-99.1598739624;
6918.3081054688;-98.9903259277;
6998.4204101563;-98.8637847900;
7079.4560546875;-98.8047332764;
7161.4345703125;-98.7703704834;
7244.3579101563;-98.6142959595;
7328.2456054688;-98.3848724365;
7413.1005859375;-98.1092987061;
7498.9418945313;-97.7398910522;
7585.7778320313;-97.4645462036;
7673.6147460938;-97.2617187500;
7762.4731445313;-96.7598114014;
7852.3559570313;-96.1912689209;
7943.2841796875;-95.8985290527;
8035.2607421875;-95.6635971069;
8128.3066406250;-95.5883712769;
8222.4257812500;-95.6263885498;
8317.6396484375;-95.8056564331;
8413.9501953125;-95.9857788086;
8511.3818359375;-95.9204940796;
8609.9365234375;-95.8301467896;
8709.6367187500;-96.0975570679;
8810.4873046875;-96.5555801392;
8912.5107421875;-96.7847366333;
9015.7099609375;-96.7246856689;
9120.1093750000;-96.5470809937;
9225.7128906250;-96.4758529663;
9332.5439453125;-96.5698623657;
9440.6064453125;-96.7368087769;
9549.9267578125;-96.8912887573;
9660.5068359375;-97.0704498291;
9772.3720703125;-97.2151947021;
9885.5283203125;-97.3643875122;
10000.0000000000;-97.3822860718;
10115.7968750000;-97.4910659790;
10232.9355468750;-97.5891265869;
10351.4189453125;-97.6770401001;
10471.2851562500;-97.7474517822;
10592.5400390625;-97.8102111816;
10715.1982421875;-97.8471374512;
10839.2656250000;-97.8690567017;
10964.7812500000;-97.8728485107;
11091.7500000000;-97.8590164185;
11220.1894531250;-97.8417816162;
11350.1035156250;-97.8252334595;
11481.5351562500;-97.8164978027;
11614.4873046875;-97.8119812012;
11748.9804687500;-97.8099136353;
11885.0166015625;-97.8031158447;
12022.6425781250;-97.7933959961;
12161.8613281250;-97.7833938599;
12302.6923828125;-97.7846984863;
12445.1396484375;-97.7964859009;
12589.2509765625;-97.8242492676;
12735.0312500000;-97.8604965210;
12882.4990234375;-97.9001541138;
13031.6611328125;-97.9429168701;
13182.5634765625;-97.9984512329;
13335.2138671875;-98.0744323730;
13489.6328125000;-98.1707611084;
13645.8388671875;-98.2885055542;
13803.8388671875;-98.4299926758;
13963.6826171875;-98.5909500122;
14125.3789062500;-98.7719573975;
14288.9462890625;-98.9754943848;
14454.3925781250;-99.2037887573;
14621.7705078125;-99.4608154297;
14791.0869140625;-99.7363128662;
14962.3632812500;-100.0178527832;
15135.6064453125;-100.2890014648;
15310.8730468750;-100.5303192139;
15488.1679687500;-100.7246322632;
15667.5166015625;-100.8678131104;
15848.9248046875;-100.9775314331;
16032.4511718750;-101.0886764526;
16218.1025390625;-101.2196273804;
16405.9042968750;-101.3802642822;
16595.8613281250;-101.5755920410;
16788.0371093750;-101.8052062988;
16982.4375000000;-102.0566253662;
17179.0898437500;-102.2977218628;
17378.0000000000;-102.4798889160;
17579.2324218750;-102.5626678467;
17782.7949218750;-102.5719223022;
17988.7148437500;-102.5106430054;
18197.0175781250;-102.4404067993;
18407.7148437500;-102.4113388062;
18620.8710937500;-102.4675369263;
18836.4941406250;-102.5751190186;
19054.6171875000;-102.6466445923;
19275.2421875000;-102.7127990723;
19498.4433593750;-102.7817306519;
19724.2304687500;-102.8519973755;
19952.6328125000;-102.9036178589;
20183.6562500000;-102.9123764038;
20417.3769531250;-102.8705444336;
20653.8046875000;-102.7288589478;
20892.9687500000;-102.5309143066;
21134.8808593750;-102.3749237061;
21379.6171875000;-102.2150039673;
21627.1875000000;-102.0449447632;
21877.6230468750;-101.6338195801;
22130.9355468750;-100.8982391357;
22387.2070312500;-100.1686935425;
22646.4433593750;-99.3621292114;
22908.6835937500;-98.2011032104;
23173.9335937500;-97.2646636963;
23442.2812500000;-96.8323135376;
23713.7363281250;-96.5486602783;
23988.3359375000;-96.5472030640;
24266.1132812500;-96.6444244385;
24547.0820312500;-96.8807907104;
24831.3300781250;-97.2036895752;
25118.8691406250;-97.0570068359;
25409.7402343750;-94.2615585327;
25703.9492187500;-87.7222366333;
26001.5937500000;-83.0856323242;
26302.6835937500;-80.4825286865;
26607.2617187500;-79.9778594971;
26915.3378906250;-81.7672805786;
27227.0097656250;-85.3043136597;
27542.2910156250;-88.3864288330;
27861.2226562500;-89.6331939697;
28183.8164062500;-90.3016510010;
28510.1777343750;-91.6443023682;
28840.3183593750;-93.6186065674;
29174.2812500000;-96.3195037842;
29512.0781250000;-97.8530578613;
29853.8203125000;-98.8490829468;
30199.5175781250;-96.9030761719;
30549.2207031250;-98.1443557739;
30902.9375000000;-98.9176559448;
31260.7851562500;-99.6304931641;
31622.7773437500;-100.0692214966;
31988.9589843750;-100.4560012817;
32359.3828125000;-100.7287292480;
32734.0585937500;-100.9529724121;
33113.1093750000;-101.1256027222;
33496.5507812500;-101.2427291870;
33884.4335937500;-101.3352966309;
34276.7656250000;-101.3669586182;
34673.6835937500;-101.3858642578;
35075.1953125000;-101.3733596802;
35481.3554687500;-101.3601455688;
35892.1796875000;-101.3462982178;
36307.8007812500;-101.3616714478;
36728.2343750000;-101.3901824951;
37153.5390625000;-101.4453125000;
37583.7226562500;-101.4946212769;
38018.9335937500;-101.5249786377;
38459.1796875000;-101.4029464722;
38904.5273437500;-100.9291458130;
39354.9882812500;-100.1312866211;
39810.7070312500;-98.4188842773;
40271.7070312500;-96.5217971802;
40738.0390625000;-94.5221023560;
41209.7304687500;-92.8847579956;
41686.9257812500;-91.7172546387;
42169.6484375000;-90.9853591919;
42657.9648437500;-90.8416976929;
43151.9296875000;-91.3804626465;
43651.5703125000;-92.3798141479;
44157.0429687500;-93.8087997437;
44668.3671875000;-95.6404037476;
45185.6171875000;-97.4556274414;
45708.8046875000;-98.9765167236;
46238.0976562500;-100.0612792969;
46773.5234375000;-100.5950088501;
47315.1484375000;-100.5933761597;
47862.9921875000;-100.3772811890;
48417.2304687500;-100.1055374146;
48977.8867187500;-99.9135513306;
49545.0390625000;-99.8807373047;
50118.7031250000;-99.9273757935;
50699.0625000000;-99.7284317017;
51286.1445312500;-99.1688842773;
51880.0234375000;-98.4020233154;
52480.7187500000;-97.6752090454;
53088.4335937500;-97.0967941284;
53703.1835937500;-96.3664321899;
54325.0507812500;-94.7555389404;
54954.0585937500;-92.0170364380;
55590.4101562500;-89.1569366455;
56234.1328125000;-86.9484329224;
56885.3085937500;-85.5673141479;
57544.0234375000;-85.0355453491;
58210.3046875000;-85.3116455078;
58884.3632812500;-86.2959289551;
59566.2265625000;-88.0581436157;
60255.9882812500;-89.7801513672;
60953.6679687500;-91.3834762573;
61659.4960937500;-92.8318023682;
62373.4960937500;-94.2355804443;
63095.7617187500;-95.5639038086;
63826.3242187500;-96.4081573486;
64565.4140625000;-96.2291107178;
65313.0625000000;-95.2732086182;
66069.3671875000;-94.3360519409;
66834.3593750000;-93.8954696655;
67608.2890625000;-94.3429260254;
68391.1718750000;-94.9838333130;
69183.1250000000;-95.8413619995;
69984.1640625000;-97.0298309326;
70794.5625000000;-98.6041107178;
71614.3437500000;-101.1826171875;
72443.6171875000;-103.4189605713;
73282.4140625000;-104.3323440552;
74131.0078125000;-105.0113067627;
74989.4218750000;-105.7645950317;
75857.7812500000;-106.2185058594;
76736.1875000000;-105.8514938354;
77624.6875000000;-103.0375823975;
78523.5625000000;-100.0549316406;
79432.8437500000;-98.9468307495;
80352.6484375000;-99.4086151123;
81283.0234375000;-102.0095748901;
82224.2578125000;-104.6190032959;
83176.3906250000;-107.2193832397;
84139.5546875000;-107.4233627319;
85113.7734375000;-106.5402450562;
86099.3671875000;-106.0977935791;
87096.3671875000;-106.6436080933;
88104.9218750000;-107.7320327759;
89125.0546875000;-108.6370773315;
90157.1015625000;-109.0262069702;
91201.0937500000;-108.8915939331;
92257.1718750000;-108.7308502197;
93325.3828125000;-108.8101425171;
94406.0703125000;-108.7157363892;
95499.2656250000;-108.0561904907;
96605.1171875000;-106.8911743164;
97723.6718750000;-105.8802337646;
98855.2812500000;-105.6362228394;
100000.0000000000;-106.6286163330;
101157.9687500000;-106.4098358154;
102329.3515625000;-106.2108383179;
103514.1875000000;-106.0305404663;
104712.8515625000;-105.9852828979;
105925.3984375000;-106.0054473877;
107151.9843750000;-106.2779235840;
108392.6562500000;-106.6844635010;
109647.8125000000;-107.2529449463;
110917.5000000000;-107.9579010010;
112201.8984375000;-108.6645431519;
113501.0390625000;-109.2856445313;
114815.3437500000;-109.6256179810;
116144.8750000000;-109.7446899414;
117489.8046875000;-109.3254013062;
118850.1718750000;-108.5245513916;
120226.4218750000;-107.4526901245;
121618.6093750000;-106.1327972412;
123026.9218750000;-104.8974838257;
124451.3984375000;-103.7867965698;
125892.5156250000;-102.9397888184;
127350.3125000000;-102.3617706299;
128824.9921875000;-101.8655853271;
130316.6093750000;-101.3859405518;
131825.6406250000;-100.6821212769;
133352.1406250000;-99.8529815674;
134896.3281250000;-99.0565948486;
136458.3906250000;-98.4275817871;
138038.3906250000;-98.2537689209;
139636.8281250000;-98.5987472534;
141253.7812500000;-99.4294128418;
142889.4687500000;-100.7349395752;
144543.9218750000;-102.4623489380;
146217.7031250000;-104.4385757446;
147910.8593750000;-106.2417144775;
149623.6250000000;-107.7619552612;
151356.0625000000;-109.0663681030;
153108.7187500000;-110.2608337402;
154881.6875000000;-111.3704986572;
156675.1718750000;-112.2609558105;
158489.2500000000;-112.7636642456;
160324.5156250000;-113.0071716309;
162181.0312500000;-113.1190795898;
164059.0312500000;-113.1728515625;
165958.6093750000;-113.1950836182;
167880.3593750000;-113.1867446899;
169824.3750000000;-113.1443862915;
171790.8906250000;-113.0729751587;
173779.9843750000;-112.9882354736;
175792.3125000000;-112.9053726196;
177827.9375000000;-112.8583374023;
179887.1406250000;-112.7518005371;
181970.1875000000;-112.5413894653;
184077.1406250000;-112.1498794556;
186208.7031250000;-110.9562377930;
188364.9531250000;-109.0966644287;
190546.1562500000;-107.6854553223;
192752.4218750000;-106.6559448242;
194984.4375000000;-106.2770614624;
197242.3125000000;-106.6441497803;
199526.3125000000;-107.7007751465;
201836.5625000000;-109.1922912598;
204173.7656250000;-110.6093063354;
206538.0468750000;-111.5790557861;
208929.7031250000;-111.7424774170;
211348.8125000000;-111.7306823730;
213796.1718750000;-111.7301025391;
216271.8750000000;-111.7859878540;
218776.2343750000;-112.1105957031;
221309.3593750000;-112.6279754639;
223872.0625000000;-112.9199752808;
226464.4375000000;-113.0684585571;
229086.8281250000;-113.1020050049;
231739.3437500000;-113.0935134888;
234422.8125000000;-113.0435943604;
237137.3750000000;-112.6903762817;
239883.3593750000;-111.9683303833;
242661.1406250000;-111.2611999512;
245470.8125000000;-110.1071090698;
248313.2968750000;-109.2278671265;
251188.7031250000;-108.9207153320;
254097.3906250000;-109.0972366333;
257039.4843750000;-109.7867126465;
260015.9375000000;-110.6919631958;
263026.8437500000;-111.2156372070;
266072.6250000000;-111.0002136230;
269153.3750000000;-109.7968978882;
272270.0937500000;-108.3322372437;
275422.9062500000;-107.2668457031;
278612.2187500000;-107.0034637451;
281838.1562500000;-107.6115188599;
285101.7812500000;-108.2761993408;
288403.1875000000;-108.1646728516;
291742.8125000000;-106.7116012573;
295120.7812500000;-104.7044143677;
298538.1875000000;-102.5616760254;
301995.1875000000;-101.8719711304;
305492.2187500000;-101.2968826294;
309029.3750000000;-100.8431625366;
312607.8437500000;-100.4184036255;
316227.7812500000;-100.0430450439;
319889.5937500000;-99.7161865234;
323593.8125000000;-99.4153747559;
327340.5937500000;-99.2349243164;
331131.0937500000;-99.1327209473;
334965.5000000000;-99.1453857422;
338844.3125000000;-99.3442840576;
342767.6562500000;-99.6338577271;
346736.8125000000;-100.0685424805;
350751.9375000000;-100.5122833252;
354813.5312500000;-100.8868331909;
358921.7812500000;-100.9668502808;
363078.0000000000;-100.5565261841;
367282.3437500000;-99.8141326904;
371535.3750000000;-98.6740493774;
375837.2500000000;-97.3780670166;
380189.3437500000;-96.0079803467;
384591.8125000000;-94.5752410889;
389045.2812500000;-92.8275527954;
393549.8750000000;-90.7290191650;
398107.0937500000;-88.3522796631;
402717.0625000000;-85.7730865479;
407380.4062500000;-83.3753662109;
412097.3125000000;-81.3047256470;
416869.2812500000;-79.6224060059;
421696.5000000000;-78.3832168579;
426579.6250000000;-77.7085189819;
431519.3125000000;-77.5923461914;
436515.6875000000;-77.9700851440;
441570.4375000000;-78.8456192017;
446683.6875000000;-80.2146682739;
451856.1562500000;-82.0602340698;
457088.0312500000;-84.3883743286;
462380.9687500000;-87.0225143433;
467735.2187500000;-89.8028411865;
473151.4687500000;-92.5860671997;
478629.9062500000;-95.2577133179;
484172.3125000000;-97.7328720093;
489778.8750000000;-99.9277648926;
495450.3750000000;-101.7577209473;
501187.0000000000;-103.2364501953;
506990.6250000000;-104.5693664551;
512861.4375000000;-106.0102767944;
518800.2187500000;-107.6500473022;
524807.1875000000;-109.3309020996;
530884.3125000000;-110.7631530762;
537031.8125000000;-111.6731338501;
543250.5000000000;-112.1911315918;
549540.5625000000;-112.5454101563;
555904.1250000000;-112.8995361328;
562341.3125000000;-113.3147888184;
568853.0625000000;-113.7704925537;
575440.2500000000;-114.1969375610;
582103.0625000000;-114.4956207275;
588843.6250000000;-114.1654968262;
595662.2500000000;-112.4756698608;
602559.8750000000;-110.7015151978;
609536.6875000000;-109.1263198853;
616594.9375000000;-108.1250000000;
623734.9375000000;-107.8554687500;
630957.6250000000;-108.3466796875;
638263.2500000000;-110.2683410645;
645654.1250000000;-112.8889617920;
653130.6250000000;-114.2913589478;
660693.6875000000;-115.2808151245;
668343.6250000000;-116.2641754150;
676082.8750000000;-116.9492874146;
683911.6875000000;-117.2518997192;
691831.1875000000;-117.6703567505;
699841.6875000000;-118.1800537109;
707945.6250000000;-118.5815658569;
716143.4375000000;-118.9868011475;
724436.1875000000;-118.2446594238;
732824.1250000000;-116.4234542847;
741310.0625000000;-113.3553237915;
749894.1875000000;-111.7035675049;
758577.7500000000;-112.2019882202;
767361.8750000000;-114.6201629639;
776246.8750000000;-117.2558059692;
785235.6250000000;-120.9840927124;
794328.4375000000;-123.0048599243;
803526.5000000000;-123.3735580444;
812830.2500000000;-123.6008453369;
822242.5625000000;-123.8449478149;
831763.9375000000;-124.2795715332;
841395.5000000000;-124.6317291260;
851137.6875000000;-124.8321762085;
860993.6250000000;-124.9213027954;
870963.6875000000;-125.0053253174;
881049.2500000000;-125.1922225952;
891250.5625000000;-125.4351043701;
901571.0000000000;-125.8021774292;
912010.9375000000;-126.3349227905;
922571.7500000000;-126.8661346436;
933253.8750000000;-127.2871017456;
944060.6875000000;-127.6462249756;
954992.6250000000;-127.9302368164;
966051.1875000000;-128.0804290771;
977236.6875000000;-128.2421417236;
988552.8125000000;-128.3136138916;
1000000.0000000000;-128.3822937012;
