Window;1;Noise Spectrum;
Trace;1;
1.0000000000;-82.6119232178;
1.0115795135;-82.5856399536;
1.0232930183;-82.4996414185;
1.0351421833;-82.3572311401;
1.0471285582;-82.2148208618;
1.0592536926;-82.0724105835;
1.0715192556;-81.9300079346;
1.0839269161;-81.7765121460;
1.0964782238;-81.5894851685;
1.1091748476;-81.4024658203;
1.1220184565;-81.2154464722;
1.1350108385;-81.0284271240;
1.1481536627;-80.8223571777;
1.1614485979;-80.5681991577;
1.1748975515;-80.3140487671;
1.1885021925;-80.0598983765;
1.2022644281;-79.8057479858;
1.2161860466;-79.5357742310;
1.2302688360;-79.2546920776;
1.2445145845;-78.9736175537;
1.2589254379;-78.6925354004;
1.2735030651;-78.4187469482;
1.2882494926;-78.1928176880;
1.3031667471;-77.9668731689;
1.3182567358;-77.7409362793;
1.3335214853;-77.5149993896;
1.3489629030;-77.3793106079;
1.3645831347;-77.2542724609;
1.3803843260;-77.1292343140;
1.3963683844;-77.0041961670;
1.4125375748;-76.9588928223;
1.4288939238;-76.9272537231;
1.4454398155;-76.8956146240;
1.4621771574;-76.8639831543;
1.4791084528;-76.8708419800;
1.4962356091;-76.8779830933;
1.5135612488;-76.8851242065;
1.5310875177;-76.8846435547;
1.5488165617;-76.8660278320;
1.5667510033;-76.8474121094;
1.5848932266;-76.8287963867;
1.6032453775;-76.7861099243;
1.6218100786;-76.7354049683;
1.6405898333;-76.6847000122;
1.6595869064;-76.6381835938;
1.6788040400;-76.5996704102;
1.6982436180;-76.5611572266;
1.7179083824;-76.5239562988;
1.7378008366;-76.5054550171;
1.7579236031;-76.4869537354;
1.7782794237;-76.4684524536;
1.7988709211;-76.4180603027;
1.8197008371;-76.3643798828;
1.8407719135;-76.3106994629;
1.8620871305;-76.2031021118;
1.8836491108;-76.0866241455;
1.9054607153;-75.9701461792;
1.9275249243;-75.8723373413;
1.9498445988;-75.7762832642;
1.9724227190;-75.6904830933;
1.9952623844;-75.7500076294;
2.0183663368;-75.8095245361;
2.0417380333;-75.9440536499;
2.0653800964;-76.2469024658;
2.0892961025;-76.5497512817;
2.1134889126;-76.9859237671;
2.1379621029;-77.4985961914;
2.1627185345;-78.0109252930;
2.1877615452;-78.5154342651;
2.2130947113;-79.0199584961;
2.2387211323;-79.4024963379;
2.2646441460;-79.6745071411;
2.2908678055;-79.9377365112;
2.3173947334;-80.0967636108;
2.3442287445;-80.2557830811;
2.3713736534;-80.4904251099;
2.3988327980;-80.7578048706;
2.4266099930;-81.0489654541;
2.4547088146;-81.3786849976;
2.4831330776;-81.6718215942;
2.5118863583;-81.7096481323;
2.5409727097;-81.7474670410;
2.5703957081;-81.3188858032;
2.6001594067;-80.8531646729;
2.6302678585;-80.2575225830;
2.6607251167;-79.6255493164;
2.6915347576;-79.1338195801;
2.7227013111;-78.7055816650;
2.7542285919;-78.4887084961;
2.7861211300;-78.3883972168;
2.8183827400;-78.4815750122;
2.8510184288;-78.6800079346;
2.8840315342;-79.0266342163;
2.9174270630;-79.4380722046;
2.9512093067;-79.9526138306;
2.9853825569;-80.4951171875;
3.0199515820;-81.0706100464;
3.0549211502;-81.6393890381;
3.0902955532;-82.1108016968;
3.1260793209;-82.5307769775;
3.1622776985;-82.8301773071;
3.1988949776;-83.0758132935;
3.2359364033;-83.2764358521;
3.2734067440;-83.3865356445;
3.3113110065;-83.4479751587;
3.3496541977;-83.3253860474;
3.3884413242;-83.1426010132;
3.4276781082;-82.8953933716;
3.4673686028;-82.7392578125;
3.5075187683;-82.6525115967;
3.5481340885;-82.7164001465;
3.5892193317;-82.8560333252;
3.6307804585;-83.0172882080;
3.6728229523;-83.1234893799;
3.7153522968;-83.1436614990;
3.7583739758;-83.1110992432;
3.8018937111;-83.0440902710;
3.8459177017;-83.0712280273;
3.8904511929;-83.2343292236;
3.9355010986;-83.6570281982;
3.9810719490;-84.5855407715;
4.0271706581;-85.8889694214;
4.0738029480;-87.4735565186;
4.1209754944;-88.6321029663;
4.1686940193;-88.1197891235;
4.2169651985;-86.8187255859;
4.2657952309;-85.2789306641;
4.3151907921;-84.3867950439;
4.3651580811;-84.1981506348;
4.4157042503;-84.4662475586;
4.4668354988;-84.9780578613;
4.5185589790;-85.4629821777;
4.5708823204;-85.6334838867;
4.6238102913;-85.8170471191;
4.6773514748;-86.2486801147;
4.7315125465;-86.7648696899;
4.7863011360;-86.9266815186;
4.8417239189;-86.3121337891;
4.8977880478;-85.1541442871;
4.9545016289;-84.2293014526;
5.0118722916;-83.7910995483;
5.0699067116;-83.6382980347;
5.1286134720;-83.3386230469;
5.1880002022;-82.5104141235;
5.2480750084;-81.2312698364;
5.3088445663;-79.9539260864;
5.3703184128;-79.1309051514;
5.4325037003;-79.0217895508;
5.4954090118;-79.7397308350;
5.5590424538;-80.4211196899;
5.6234130859;-82.3837356567;
5.6885290146;-84.3640670776;
5.7543992996;-82.7056503296;
5.8210320473;-79.0934982300;
5.8884363174;-77.4876251221;
5.9566211700;-76.9306488037;
6.0255956650;-77.4412536621;
6.0953693390;-79.0429992676;
6.1659502983;-81.6858749390;
6.2373485565;-84.5784530640;
6.3095736504;-85.1805648804;
6.3826351166;-83.7209396362;
6.4565424919;-82.4894104004;
6.5313053131;-82.7936630249;
6.6069345474;-83.4037628174;
6.6834387779;-83.8239517212;
6.7608294487;-83.9680633545;
6.8391160965;-83.7245254517;
6.9183092117;-83.4185562134;
6.9984202385;-83.6894454956;
7.0794582367;-84.5732192993;
7.1614346504;-86.7919616699;
7.2443599701;-89.5603332520;
7.3282456398;-91.5666580200;
7.4131026268;-95.1084442139;
7.4989418983;-93.7753829956;
7.5857758522;-87.3791351318;
7.6736145020;-83.6208267212;
7.7624707222;-82.0499114990;
7.8523559570;-81.1162567139;
7.9432821274;-81.5397872925;
8.0352611542;-83.4318771362;
8.1283054352;-85.8996200562;
8.2224273682;-84.8494033813;
8.3176383972;-81.6901092529;
8.4139518738;-79.4095382690;
8.5113801956;-78.7859802246;
8.6099376678;-80.1038284302;
8.7096357346;-82.9376220703;
8.8104887009;-85.8552932739;
8.9125089645;-87.3490447998;
9.0157108307;-87.5205383301;
9.1201076508;-87.1688003540;
9.2257137299;-87.0607910156;
9.3325433731;-86.6904144287;
9.4406089783;-84.8539505005;
9.5499258041;-83.9230804443;
9.6605091095;-83.8557434082;
9.7723722458;-84.2055282593;
9.8855314255;-86.8829879761;
10.0000000000;-86.6247024536;
10.1157941818;-86.5536727905;
10.2329292297;-86.3633041382;
10.3514213562;-86.0446929932;
10.4712848663;-85.6179504395;
10.5925369263;-85.1242599487;
10.7151927948;-84.6099548340;
10.8392686844;-84.1121749878;
10.9647808075;-83.6527404785;
11.0917472839;-83.3259963989;
11.2201833725;-82.9565200806;
11.3501071930;-82.6517562866;
11.4815349579;-82.4338378906;
11.6144876480;-82.3365859985;
11.7489767075;-82.3962326050;
11.8850231171;-82.8492660522;
12.0226459503;-83.6606597900;
12.1618614197;-84.3427276611;
12.3026885986;-85.0130386353;
12.4451465607;-85.5663604736;
12.5892543793;-85.9488220215;
12.7350311279;-86.1852722168;
12.8824958801;-86.3483200073;
13.0316677094;-86.5911941528;
13.1825675964;-86.8672561646;
13.3352146149;-87.0344085693;
13.4896287918;-87.1554183960;
13.6458311081;-87.2285385132;
13.8038425446;-87.3190536499;
13.9636831284;-87.4963226318;
14.1253747940;-87.7158813477;
14.2889385223;-88.1406250000;
14.4543962479;-88.4936447144;
14.6217708588;-88.5320968628;
14.7910823822;-88.3688049316;
14.9623546600;-87.8336105347;
15.1356105804;-87.2223205566;
15.3108730316;-86.6948318481;
15.4881677628;-86.2867507935;
15.6675128937;-86.0790863037;
15.8489332199;-85.8650207520;
16.0324554443;-85.7739562988;
16.2181015015;-85.8583602905;
16.4058990479;-86.0474014282;
16.5958709717;-86.2505722046;
16.7880401611;-86.4057693481;
16.9824371338;-86.5660400391;
17.1790847778;-86.8421325684;
17.3780078888;-87.3277816772;
17.5792369843;-88.1853942871;
17.7827949524;-88.8969726563;
17.9887084961;-89.6187515259;
18.1970081329;-90.3590545654;
18.4077186584;-90.9143981934;
18.6208705902;-90.9536972046;
18.8364906311;-90.3622817993;
19.0546054840;-89.4291458130;
19.2752475739;-88.3148117065;
19.4984436035;-87.7321472168;
19.7242259979;-87.6258773804;
19.9526214600;-87.5331649780;
20.1836605072;-87.1916503906;
20.4173774719;-86.7375946045;
20.6538047791;-86.8511123657;
20.8929634094;-87.6887969971;
21.1348934174;-88.7293243408;
21.3796234131;-89.0055694580;
21.6271877289;-88.4187011719;
21.8776187897;-87.8854904175;
22.1309490204;-87.9183197021;
22.3872127533;-88.3953094482;
22.6464443207;-88.9759750366;
22.9086780548;-89.4625854492;
23.1739463806;-89.6308670044;
23.4422893524;-89.2904281616;
23.7137374878;-88.8999023438;
23.9883289337;-89.0452194214;
24.2660999298;-89.6113815308;
24.5470886230;-89.6718521118;
24.8313293457;-89.0562515259;
25.1188621521;-88.9476852417;
25.4097251892;-89.4312744141;
25.7039566040;-90.4252777100;
26.0015926361;-91.2848205566;
26.3026771545;-91.8201522827;
26.6072483063;-92.0670089722;
26.9153442383;-91.7818374634;
27.2270088196;-90.6685714722;
27.5422897339;-89.3629379272;
27.8612155914;-88.3803405762;
28.1838321686;-88.0292968750;
28.5101852417;-88.7252120972;
28.8403167725;-90.8384399414;
29.1742725372;-93.0958557129;
29.5120944977;-94.2314910889;
29.8538284302;-93.6431884766;
30.1995182037;-89.9408874512;
30.5492115021;-89.7494964600;
30.9029541016;-89.5091781616;
31.2607936859;-89.3088455200;
31.6227760315;-89.1592788696;
31.9889507294;-89.1025619507;
32.3593635559;-89.1504058838;
32.7340698242;-89.2551498413;
33.1131095886;-89.4040603638;
33.4965438843;-89.5709457397;
33.8844146729;-89.7184753418;
34.2767753601;-89.8450164795;
34.6736831665;-89.9527511597;
35.0751838684;-90.0509414673;
35.4813346863;-90.1590042114;
35.8921890259;-90.2790298462;
36.3078002930;-90.4078140259;
36.7282333374;-90.5402984619;
37.1535263062;-90.6699371338;
37.5837440491;-90.7860336304;
38.0189437866;-90.8747329712;
38.4591827393;-90.9245147705;
38.9045181274;-90.9299468994;
39.3550109863;-90.8957138062;
39.8107185364;-90.8359756470;
40.2717056274;-90.7692413330;
40.7380294800;-90.7114028931;
41.2097511292;-90.6727066040;
41.6869392395;-90.6603469849;
42.1696510315;-90.6771545410;
42.6579513550;-90.7271270752;
43.1519050598;-90.8189926147;
43.6515808105;-90.9604644775;
44.1570434570;-91.1421585083;
44.6683578491;-91.3550567627;
45.1855926514;-91.4626846313;
45.7088165283;-91.4826354980;
46.2380981445;-91.4699325562;
46.7735099792;-91.5163803101;
47.3151206970;-91.6874847412;
47.8630027771;-91.9825897217;
48.4172286987;-92.3294372559;
48.9778900146;-92.6141967773;
49.5450248718;-92.7460250854;
50.1187286377;-92.6511077881;
50.6990776062;-92.4392623901;
51.2861442566;-92.3140106201;
51.8800086975;-92.2189178467;
52.4807510376;-92.1554260254;
53.0884475708;-92.1509780884;
53.7031822205;-92.3931350708;
54.3250350952;-92.9461898804;
54.9540901184;-93.3882980347;
55.5904273987;-93.6467819214;
56.2341308594;-93.4040145874;
56.8852920532;-92.8766403198;
57.5439910889;-92.6494674683;
58.2103195190;-92.5838851929;
58.8843612671;-92.0671463013;
59.5662117004;-89.9160308838;
60.2559547424;-83.2066650391;
60.9536857605;-77.5981292725;
61.6594963074;-74.3309173584;
62.3734779358;-70.6762847900;
63.0957260132;-68.4847564697;
63.8263397217;-67.5913085938;
64.5654144287;-67.7376403809;
65.3130645752;-69.1020736694;
66.0693511963;-71.6226806641;
66.8343963623;-75.3049087524;
67.6083068848;-80.8105392456;
68.3911743164;-86.7669906616;
69.1831054688;-92.5967102051;
69.9842071533;-93.6315841675;
70.7945785522;-93.5032806396;
71.6143417358;-93.5017395020;
72.4435958862;-93.6688995361;
73.2824554443;-93.6476440430;
74.1310272217;-93.4208374023;
74.9894180298;-93.2197799683;
75.8577575684;-93.4062500000;
76.7361450195;-93.6580352783;
77.6247100830;-93.8835525513;
78.5235595703;-94.3690032959;
79.4328155518;-94.9976425171;
80.3526077271;-95.2421417236;
81.2830429077;-95.1673431396;
82.2242584229;-94.6197204590;
83.1763687134;-93.7435836792;
84.1395034790;-93.2966995239;
85.1137924194;-93.5443115234;
86.0993652344;-94.0279159546;
87.0963668823;-94.2708892822;
88.1048965454;-94.2535552979;
89.1251068115;-94.2555541992;
90.1571197510;-94.5394134521;
91.2010955811;-94.9543762207;
92.2571487427;-95.2815856934;
93.3254394531;-95.5839309692;
94.4060897827;-95.5934143066;
95.4992599487;-95.1309890747;
96.6050872803;-94.9350738525;
97.7237243652;-95.1922988892;
98.8553085327;-94.9601211548;
100.0000000000;-95.2232055664;
101.1579742432;-95.2676010132;
102.3292999268;-95.3029708862;
103.5142440796;-95.3298263550;
104.7128524780;-95.3398971558;
105.9253921509;-95.3424835205;
107.1519241333;-95.3191223145;
108.3927154541;-95.2735443115;
109.6478118896;-95.2011489868;
110.9175033569;-95.0920181274;
112.2018356323;-94.9777145386;
113.5010986328;-94.8710784912;
114.8153457642;-94.8123474121;
116.1448745728;-94.7876205444;
117.4897384644;-94.8311767578;
118.8502349854;-94.8839492798;
120.2264251709;-94.9321975708;
121.6186141968;-94.9171981812;
123.0268554688;-94.8381881714;
124.4514694214;-94.7270355225;
125.8925170898;-94.6104660034;
127.3503112793;-94.5961914063;
128.8249206543;-94.6934661865;
130.3166809082;-94.9199523926;
131.8256378174;-95.3259735107;
133.3521423340;-95.7943420410;
134.8963165283;-96.2621612549;
136.4583129883;-96.6803207397;
138.0384674072;-96.9685058594;
139.6368255615;-97.1585922241;
141.2537841797;-97.2898635864;
142.8893890381;-97.3769836426;
144.5440063477;-97.4264221191;
146.2176971436;-97.4181137085;
147.9108581543;-97.3668289185;
149.6235504150;-97.3033599854;
151.3561553955;-97.2475051880;
153.1087188721;-97.2022476196;
154.8816833496;-97.1484298706;
156.6750793457;-97.0569839478;
158.4893341064;-96.9295501709;
160.3245086670;-96.8226470947;
162.1810302734;-96.7809753418;
164.0589447021;-96.8214645386;
165.9586944580;-96.9348373413;
167.8803710938;-97.1021194458;
169.8243713379;-97.3114700317;
171.7908020020;-97.5587844849;
173.7800903320;-97.8318252563;
175.7923126221;-98.0938339233;
177.8279418945;-98.2343978882;
179.8871459961;-98.3158340454;
181.9700775146;-98.0270614624;
184.0772399902;-97.1409225464;
186.2087097168;-94.9819869995;
188.3649444580;-93.2252502441;
190.5460662842;-92.6606979370;
192.7525329590;-92.6810302734;
194.9844360352;-93.2577362061;
197.2423095703;-94.2922897339;
199.5262145996;-95.5827102661;
201.8366699219;-96.7937393188;
204.1737670898;-97.5649871826;
206.5380401611;-97.7291641235;
208.9295806885;-97.5370712280;
211.3489227295;-97.5959167480;
213.7961730957;-97.9262008667;
216.2718658447;-98.4553680420;
218.7761230469;-99.1489486694;
221.3094787598;-99.3753738403;
223.8720703125;-99.2412109375;
226.4644470215;-99.0246734619;
229.0867156982;-98.7279663086;
231.7394714355;-98.5420303345;
234.4228210449;-98.4712142944;
237.1373748779;-98.4178619385;
239.8833618164;-98.4451980591;
242.6610107422;-98.4897460938;
245.4709472656;-98.5289993286;
248.3132934570;-98.6107482910;
251.1887054443;-98.8193359375;
254.0972595215;-99.0906982422;
257.0396423340;-99.4750671387;
260.0159301758;-99.9614562988;
263.0268554688;-100.2826919556;
266.0724792480;-100.3149261475;
269.1535339355;-100.1624450684;
272.2700805664;-99.9909744263;
275.4229125977;-99.8398590088;
278.6120605469;-99.7802047729;
281.8383178711;-99.8294982910;
285.1017761230;-99.8603744507;
288.4031677246;-99.8741607666;
291.7426452637;-99.8558273315;
295.1209411621;-99.6663208008;
298.5382080078;-99.4916610718;
301.9951782227;-99.2230758667;
305.4920349121;-99.0217208862;
309.0295410156;-98.8235778809;
312.6078491211;-98.6470413208;
316.2277526855;-98.5682754517;
319.8895874023;-98.5515670776;
323.5936584473;-98.6711196899;
327.3407592773;-98.8795394897;
331.1311035156;-99.1826019287;
334.9655151367;-99.5334014893;
338.8441467285;-99.9052963257;
342.7678527832;-100.2012863159;
346.7368164063;-100.4599075317;
350.7519226074;-100.6026687622;
354.8133544922;-100.6925735474;
358.9219970703;-100.7359542847;
363.0780029297;-100.7634582520;
367.2823486328;-100.7958145142;
371.5351867676;-100.8489608765;
375.8374328613;-100.9246063232;
380.1893310547;-101.0137557983;
384.5918273926;-101.1211853027;
389.0450744629;-101.2311706543;
393.5501098633;-101.3430862427;
398.1070861816;-101.4525909424;
402.7170410156;-101.5604019165;
407.3801879883;-101.6604385376;
412.0975341797;-101.7037811279;
416.8692626953;-101.2677841187;
421.6965026855;-100.0719833374;
426.5796203613;-97.3502807617;
431.5190734863;-93.8274459839;
436.5159301758;-90.4772338867;
441.5704345703;-87.5747528076;
446.6836853027;-85.4945068359;
451.8559265137;-84.2437133789;
457.0882873535;-83.6952209473;
462.3809814453;-83.8759994507;
467.7352294922;-84.8571014404;
473.1512145996;-86.8866577148;
478.6301574707;-89.7592697144;
484.1723022461;-93.3969573975;
489.7788696289;-97.3984298706;
495.4501037598;-100.9285278320;
501.1872863770;-102.2980575562;
506.9906311035;-102.5937423706;
512.8614501953;-102.6794052124;
518.7999267578;-102.7680206299;
524.8074951172;-102.8847961426;
530.8843383789;-102.9900054932;
537.0317993164;-103.0346984863;
543.2501831055;-102.9851531982;
549.5408935547;-102.8464279175;
555.9041137695;-102.6799011230;
562.3413085938;-102.5733032227;
568.8530883789;-102.5711059570;
575.4399414063;-102.6690444946;
582.1033325195;-102.8218688965;
588.8436279297;-102.9674682617;
595.6622924805;-103.0925827026;
602.5595703125;-103.1904373169;
609.5369873047;-103.3227310181;
616.5949707031;-103.4604873657;
623.7349243164;-103.5325775146;
630.9572753906;-103.5120697021;
638.2636108398;-103.4557113647;
645.6541137695;-103.4240570068;
653.1306152344;-103.2100830078;
660.6933593750;-101.9133529663;
668.3439941406;-97.2375717163;
676.0828857422;-93.6819458008;
683.9116821289;-92.5761337280;
691.8308105469;-92.7060394287;
699.8420410156;-94.0702438354;
707.9456176758;-96.5934829712;
716.1434326172;-101.1295089722;
724.4357910156;-104.1358337402;
732.8245239258;-104.3552169800;
741.3100585938;-104.3467407227;
749.8942260742;-104.3433074951;
758.5777587891;-104.4798507690;
767.3614501953;-104.6616897583;
776.2473144531;-104.8179626465;
785.2355957031;-104.7414245605;
794.3284301758;-104.6064147949;
803.5260620117;-104.4717559814;
812.8306884766;-104.4956817627;
822.2425537109;-104.6184997559;
831.7639160156;-104.7901306152;
841.3950195313;-104.7890701294;
851.1381835938;-104.6400299072;
860.9936523438;-104.6065216064;
870.9636840820;-104.8166503906;
881.0487670898;-104.4365692139;
891.2510375977;-99.9940643311;
901.5709838867;-95.2837066650;
912.0109252930;-92.6053085327;
922.5712280273;-92.4778976440;
933.2543334961;-95.2055892944;
944.0606689453;-101.7017288208;
954.9926147461;-105.0827102661;
966.0506591797;-105.4093856812;
977.2372436523;-105.5523605347;
988.5528564453;-105.6069869995;
1000.0000000000;-103.3360290527;
1011.5797119141;-104.2353439331;
1023.2929687500;-104.8700103760;
1035.1424560547;-105.2547454834;
1047.1285400391;-105.4212188721;
1059.2539062500;-105.5225830078;
1071.5192871094;-105.5528106689;
1083.9271240234;-105.5659103394;
1096.4781494141;-105.5583190918;
1109.1750488281;-105.5328598022;
1122.0183105469;-105.5099716187;
1135.0109863281;-105.5072937012;
1148.1534423828;-105.5527877808;
1161.4487304688;-105.6307449341;
1174.8973388672;-105.7660064697;
1188.5023193359;-105.9054641724;
1202.2642822266;-106.0395965576;
1216.1861572266;-106.1246414185;
1230.2685546875;-106.1557617188;
1244.5146484375;-106.1348495483;
1258.9251708984;-106.0312805176;
1273.5031738281;-105.7071380615;
1288.2492675781;-105.1335830688;
1303.1667480469;-104.2766342163;
1318.2563476563;-103.1170730591;
1333.5214843750;-102.0332870483;
1348.9632568359;-101.1560821533;
1364.5831298828;-100.6024856567;
1380.3846435547;-100.5944595337;
1396.3682861328;-101.0897445679;
1412.5378417969;-101.9758071899;
1428.8939208984;-103.1361160278;
1445.4400634766;-104.3822097778;
1462.1770019531;-105.2964019775;
1479.1086425781;-105.7803802490;
1496.2354736328;-106.0015258789;
1513.5615234375;-106.0202789307;
1531.0872802734;-105.8175430298;
1548.8167724609;-105.3347320557;
1566.7508544922;-104.6475296021;
1584.8933105469;-104.0846252441;
1603.2451171875;-103.8922195435;
1621.8101806641;-104.1235656738;
1640.5894775391;-104.6724014282;
1659.5870361328;-105.2897262573;
1678.8035888672;-105.7244262695;
1698.2437744141;-105.8250274658;
1717.9079589844;-105.2954940796;
1737.8009033203;-103.6112670898;
1757.9230957031;-100.8321075439;
1778.2794189453;-98.9766769409;
1798.8713378906;-96.4004211426;
1819.7008056641;-94.7660827637;
1840.7724609375;-94.1571655273;
1862.0870361328;-95.2565155029;
1883.6495361328;-98.5269927979;
1905.4605712891;-101.8515319824;
1927.5252685547;-105.3617095947;
1949.8444824219;-107.5988311768;
1972.4230957031;-107.8210372925;
1995.2620849609;-106.7845230103;
2018.3666992188;-105.3232116699;
2041.7376708984;-104.0748138428;
2065.3803710938;-103.4647445679;
2089.2958984375;-104.3168411255;
2113.4892578125;-105.6563186646;
2137.9616699219;-107.1177825928;
2162.7187500000;-108.1954498291;
2187.7612304688;-108.6680755615;
2213.0949707031;-108.2308959961;
2238.7207031250;-107.4709014893;
2264.6442871094;-106.6567687988;
2290.8671875000;-106.1151275635;
2317.3947753906;-106.6037368774;
2344.2282714844;-107.4741668701;
2371.3737792969;-108.6691284180;
2398.8334960938;-109.2275695801;
2426.6101074219;-109.2769546509;
2454.7094726563;-109.2532196045;
2483.1330566406;-109.1920471191;
2511.8869628906;-109.1569213867;
2540.9726562500;-109.2254714966;
2570.3962402344;-109.3440475464;
2600.1594238281;-109.3887939453;
2630.2685546875;-108.6958847046;
2660.7248535156;-105.9086456299;
2691.5351562500;-101.4749832153;
2722.7009277344;-98.6812057495;
2754.2290039063;-98.1076126099;
2786.1208496094;-99.5432281494;
2818.3833007813;-102.9911956787;
2851.0178222656;-107.5790481567;
2884.0317382813;-109.5550003052;
2917.4265136719;-109.6949996948;
2951.2094726563;-109.4124450684;
2985.3820800781;-109.3093719482;
3019.9519042969;-108.5254898071;
3054.9204101563;-109.2606964111;
3090.2954101563;-109.5840377808;
3126.0786132813;-109.8698730469;
3162.2775878906;-109.9859542847;
3198.8959960938;-110.0914459229;
3235.9365234375;-110.1736602783;
3273.4077148438;-110.2566452026;
3311.3110351563;-110.3404312134;
3349.6550292969;-110.4164123535;
3388.4414062500;-110.4889221191;
3427.6784667969;-110.5365219116;
3467.3681640625;-110.5769195557;
3507.5192871094;-110.5973892212;
3548.1335449219;-110.6136856079;
3589.2199707031;-110.6263198853;
3630.7800292969;-110.6472396851;
3672.8234863281;-110.6718139648;
3715.3518066406;-110.7037429810;
3758.3745117188;-110.7363128662;
3801.8933105469;-110.7696456909;
3845.9182128906;-110.8071289063;
3890.4506835938;-110.8560104370;
3935.5009765625;-110.9151153564;
3981.0708007813;-110.9982452393;
4027.1704101563;-111.0864181519;
4073.8017578125;-111.1771240234;
4120.9750976563;-111.2556991577;
4168.6928710938;-111.3167953491;
4216.9648437500;-111.3621215820;
4265.7963867188;-111.3868560791;
4315.1904296875;-111.3925628662;
4365.1591796875;-111.3907546997;
4415.7041015625;-111.3862152100;
4466.8369140625;-111.3921966553;
4518.5590820313;-111.4238357544;
4570.8828125000;-111.4741744995;
4623.8095703125;-111.5356216431;
4677.3520507813;-111.5930938721;
4731.5122070313;-111.6265029907;
4786.3017578125;-111.6529541016;
4841.7231445313;-111.6855926514;
4897.7890625000;-111.7325210571;
4954.5009765625;-111.7933197021;
5011.8730468750;-111.8557281494;
5069.9062500000;-111.9136886597;
5128.6142578125;-111.9694824219;
5187.9995117188;-112.0178985596;
5248.0747070313;-112.0486602783;
5308.8432617188;-112.0567169189;
5370.3183593750;-112.0542755127;
5432.5019531250;-112.0692138672;
5495.4086914063;-112.1180725098;
5559.0410156250;-112.1852874756;
5623.4130859375;-112.2438583374;
5688.5307617188;-112.2871246338;
5754.3994140625;-112.3182830811;
5821.0336914063;-112.3421859741;
5888.4365234375;-112.3690261841;
5956.6225585938;-112.4142303467;
6025.5957031250;-112.4596405029;
6095.3701171875;-112.4985504150;
6165.9497070313;-112.5361633301;
6237.3496093750;-112.5912017822;
6309.5727539063;-112.6705017090;
6382.6357421875;-112.7533950806;
6456.5415039063;-112.8119354248;
6531.3061523438;-112.8431549072;
6606.9335937500;-112.8656082153;
6683.4399414063;-112.9030914307;
6760.8286132813;-112.9355468750;
6839.1171875000;-112.9498367310;
6918.3081054688;-112.9566879272;
6998.4204101563;-112.9585952759;
7079.4560546875;-112.9682693481;
7161.4345703125;-113.0326232910;
7244.3579101563;-113.1616134644;
7328.2456054688;-113.2789764404;
7413.1005859375;-113.3775558472;
7498.9418945313;-113.4132461548;
7585.7778320313;-113.3941192627;
7673.6147460938;-113.3996887207;
7762.4731445313;-113.4184799194;
7852.3559570313;-113.4297943115;
7943.2841796875;-113.4408035278;
8035.2607421875;-113.4672470093;
8128.3066406250;-113.4915008545;
8222.4257812500;-113.4876937866;
8317.6396484375;-113.4798202515;
8413.9501953125;-113.5607147217;
8511.3818359375;-113.7457427979;
8609.9365234375;-113.8655548096;
8709.6367187500;-113.8198013306;
8810.4873046875;-113.7556533813;
8912.5107421875;-113.7948532104;
9015.7099609375;-113.9115066528;
9120.1093750000;-114.0652999878;
9225.7128906250;-114.1815414429;
9332.5439453125;-114.1672668457;
9440.6064453125;-113.7460174561;
9549.9267578125;-113.1196823120;
9660.5068359375;-112.8065490723;
9772.3720703125;-113.1161727905;
9885.5283203125;-113.7903060913;
10000.0000000000;-114.0278778076;
10115.7968750000;-114.1062850952;
10232.9355468750;-114.1806945801;
10351.4189453125;-114.2513198853;
10471.2851562500;-114.3003921509;
10592.5400390625;-114.3409576416;
10715.1982421875;-114.3573379517;
10839.2656250000;-114.3694610596;
10964.7812500000;-114.3764572144;
11091.7500000000;-114.3928604126;
11220.1894531250;-114.4155578613;
11350.1035156250;-114.4523849487;
11481.5351562500;-114.4937133789;
11614.4873046875;-114.5354690552;
11748.9804687500;-114.5656204224;
11885.0166015625;-114.5814590454;
12022.6425781250;-114.5869598389;
12161.8613281250;-114.5821228027;
12302.6923828125;-114.5846710205;
12445.1396484375;-114.5971298218;
12589.2509765625;-114.6296920776;
12735.0312500000;-114.6817703247;
12882.4990234375;-114.7410736084;
13031.6611328125;-114.8040084839;
13182.5634765625;-114.8610610962;
13335.2138671875;-114.9128417969;
13489.6328125000;-114.9625091553;
13645.8388671875;-115.0121612549;
13803.8388671875;-115.0635833740;
13963.6826171875;-115.1102981567;
14125.3789062500;-115.1479873657;
14288.9462890625;-115.1758651733;
14454.3925781250;-115.1967468262;
14621.7705078125;-115.2256164551;
14791.0869140625;-115.2771682739;
14962.3632812500;-115.3504409790;
15135.6064453125;-115.4360504150;
15310.8730468750;-115.5183486938;
15488.1679687500;-115.5799331665;
15667.5166015625;-115.6098937988;
15848.9248046875;-115.6076278687;
16032.4511718750;-115.5893249512;
16218.1025390625;-115.5662841797;
16405.9042968750;-115.5460891724;
16595.8613281250;-115.5317840576;
16788.0371093750;-115.5233078003;
16982.4375000000;-115.5209350586;
17179.0898437500;-115.5280532837;
17378.0000000000;-115.5510711670;
17579.2324218750;-115.5966491699;
17782.7949218750;-115.6329727173;
17988.7148437500;-115.7155151367;
18197.0175781250;-115.7993011475;
18407.7148437500;-115.8559646606;
18620.8710937500;-115.8635177612;
18836.4941406250;-115.8375701904;
19054.6171875000;-115.8346328735;
19275.2421875000;-115.8542327881;
19498.4433593750;-115.8953323364;
19724.2304687500;-115.9521179199;
19952.6328125000;-116.0137786865;
20183.6562500000;-116.0642547607;
20417.3769531250;-116.0848846436;
20653.8046875000;-116.0345840454;
20892.9687500000;-115.9401855469;
21134.8808593750;-115.8995666504;
21379.6171875000;-115.9011306763;
21627.1875000000;-115.9323120117;
21877.6230468750;-115.9660186768;
22130.9355468750;-115.9661941528;
22387.2070312500;-115.9720535278;
22646.4433593750;-115.9929428101;
22908.6835937500;-116.0129089355;
23173.9335937500;-116.0029220581;
23442.2812500000;-116.0048294067;
23713.7363281250;-116.0770874023;
23988.3359375000;-116.2160568237;
24266.1132812500;-116.3314132690;
24547.0820312500;-116.4638290405;
24831.3300781250;-116.4855422974;
25118.8691406250;-116.3978958130;
25409.7402343750;-116.3404006958;
25703.9492187500;-116.3663024902;
26001.5937500000;-116.3806228638;
26302.6835937500;-116.3400650024;
26607.2617187500;-116.3254776001;
26915.3378906250;-116.3836517334;
27227.0097656250;-116.4693603516;
27542.2910156250;-116.5737686157;
27861.2226562500;-116.6968460083;
28183.8164062500;-116.8167037964;
28510.1777343750;-116.9091720581;
28840.3183593750;-116.9672851563;
29174.2812500000;-116.9810180664;
29512.0781250000;-116.9460449219;
29853.8203125000;-116.9448318481;
30199.5175781250;-116.9426345825;
30549.2207031250;-116.9721221924;
30902.9375000000;-116.9891052246;
31260.7851562500;-117.0046234131;
31622.7773437500;-117.0135040283;
31988.9589843750;-117.0252456665;
32359.3828125000;-117.0432891846;
32734.0585937500;-117.0733413696;
33113.1093750000;-117.1161804199;
33496.5507812500;-117.1752548218;
33884.4335937500;-117.2415008545;
34276.7656250000;-117.3137359619;
34673.6835937500;-117.3840866089;
35075.1953125000;-117.4462890625;
35481.3554687500;-117.4983367920;
35892.1796875000;-117.5414352417;
36307.8007812500;-117.5622558594;
36728.2343750000;-117.5727844238;
37153.5390625000;-117.5621795654;
37583.7226562500;-117.5391845703;
38018.9335937500;-117.5095520020;
38459.1796875000;-117.4776687622;
38904.5273437500;-117.4456253052;
39354.9882812500;-117.4120483398;
39810.7070312500;-117.3500747681;
40271.7070312500;-117.2433242798;
40738.0390625000;-117.0929794312;
41209.7304687500;-116.8662414551;
41686.9257812500;-116.6424713135;
42169.6484375000;-116.4520797729;
42657.9648437500;-116.3552551270;
43151.9296875000;-116.4073410034;
43651.5703125000;-116.5403823853;
44157.0429687500;-116.7341766357;
44668.3671875000;-116.9410858154;
45185.6171875000;-117.1046447754;
45708.8046875000;-117.2174148560;
46238.0976562500;-117.2665176392;
46773.5234375000;-117.2322998047;
47315.1484375000;-117.0780715942;
47862.9921875000;-116.8737716675;
48417.2304687500;-116.6836242676;
48977.8867187500;-116.5726547241;
49545.0390625000;-116.5937881470;
50118.7031250000;-116.7566757202;
50699.0625000000;-116.9552154541;
51286.1445312500;-117.1040802002;
51880.0234375000;-117.1764297485;
52480.7187500000;-117.1935424805;
53088.4335937500;-117.2003097534;
53703.1835937500;-117.2159881592;
54325.0507812500;-117.1863327026;
54954.0585937500;-116.9898223877;
55590.4101562500;-116.5496749878;
56234.1328125000;-116.0002059937;
56885.3085937500;-115.5712814331;
57544.0234375000;-115.4217224121;
58210.3046875000;-115.5919876099;
58884.3632812500;-116.0054244995;
59566.2265625000;-116.5824966431;
60255.9882812500;-116.9476623535;
60953.6679687500;-117.0907897949;
61659.4960937500;-117.0463638306;
62373.4960937500;-116.9220199585;
63095.7617187500;-116.8322525024;
63826.3242187500;-116.8443679810;
64565.4140625000;-116.9310607910;
65313.0625000000;-116.9736862183;
66069.3671875000;-116.8729858398;
66834.3593750000;-116.5970993042;
67608.2890625000;-116.5363159180;
68391.1718750000;-116.7268447876;
69183.1250000000;-117.0159149170;
69984.1640625000;-117.2938385010;
70794.5625000000;-117.4906768799;
71614.3437500000;-117.6379776001;
72443.6171875000;-117.7006378174;
73282.4140625000;-117.7004165649;
74131.0078125000;-117.6875152588;
74989.4218750000;-117.6895141602;
75857.7812500000;-117.6800460815;
76736.1875000000;-117.6088485718;
77624.6875000000;-117.3030853271;
78523.5625000000;-116.8493118286;
79432.8437500000;-116.6406250000;
80352.6484375000;-116.7692184448;
81283.0234375000;-117.1353912354;
82224.2578125000;-117.2645721436;
83176.3906250000;-117.2184295654;
84139.5546875000;-117.0939559937;
85113.7734375000;-117.0019760132;
86099.3671875000;-117.0161514282;
87096.3671875000;-117.0446166992;
88104.9218750000;-116.9579162598;
89125.0546875000;-116.9168090820;
90157.1015625000;-117.0287322998;
91201.0937500000;-117.1085357666;
92257.1718750000;-117.0035095215;
93325.3828125000;-116.5263671875;
94406.0703125000;-115.0614700317;
95499.2656250000;-113.8317871094;
96605.1171875000;-113.1219406128;
97723.6718750000;-112.8637924194;
98855.2812500000;-113.0469741821;
100000.0000000000;-114.6176376343;
101157.9687500000;-114.9016952515;
102329.3515625000;-115.2174682617;
103514.1875000000;-115.5631561279;
104712.8515625000;-115.8507843018;
105925.3984375000;-116.1084671021;
107151.9843750000;-116.2426986694;
108392.6562500000;-116.3309555054;
109647.8125000000;-116.3637466431;
110917.5000000000;-116.3720092773;
112201.8984375000;-116.3770980835;
113501.0390625000;-116.3882369995;
114815.3437500000;-116.3974609375;
116144.8750000000;-116.4003753662;
117489.8046875000;-116.3684082031;
118850.1718750000;-116.2896270752;
120226.4218750000;-116.1710739136;
121618.6093750000;-115.9812774658;
123026.9218750000;-115.7618637085;
124451.3984375000;-115.5362625122;
125892.5156250000;-115.3352279663;
127350.3125000000;-115.2144241333;
128824.9921875000;-115.1539459229;
130316.6093750000;-115.1521835327;
131825.6406250000;-115.1875762939;
133352.1406250000;-115.1975479126;
134896.3281250000;-115.1590652466;
136458.3906250000;-115.0454635620;
138038.3906250000;-114.7692489624;
139636.8281250000;-114.2837371826;
141253.7812500000;-113.6433486938;
142889.4687500000;-112.9259872437;
144543.9218750000;-112.2568130493;
146217.7031250000;-111.8661956787;
147910.8593750000;-111.8501052856;
149623.6250000000;-112.2096862793;
151356.0625000000;-112.9104309082;
153108.7187500000;-113.8486709595;
154881.6875000000;-114.8453063965;
156675.1718750000;-115.6681594849;
158489.2500000000;-116.1214141846;
160324.5156250000;-116.3078918457;
162181.0312500000;-116.3455657959;
164059.0312500000;-116.3156204224;
165958.6093750000;-116.2611770630;
167880.3593750000;-116.2000579834;
169824.3750000000;-116.1417846680;
171790.8906250000;-116.0975875854;
173779.9843750000;-116.0780181885;
175792.3125000000;-116.0819854736;
177827.9375000000;-116.0901260376;
179887.1406250000;-116.0915832520;
181970.1875000000;-116.0455017090;
184077.1406250000;-115.8626708984;
186208.7031250000;-114.5657424927;
188364.9531250000;-112.0613937378;
190546.1562500000;-110.2245559692;
192752.4218750000;-108.9361038208;
194984.4375000000;-108.4072341919;
197242.3125000000;-108.6830825806;
199526.3125000000;-109.7046279907;
201836.5625000000;-111.2861175537;
204173.7656250000;-113.0472869873;
206538.0468750000;-114.8165130615;
208929.7031250000;-115.3658676147;
211348.8125000000;-115.2126007080;
213796.1718750000;-114.9689331055;
216271.8750000000;-114.7902526855;
218776.2343750000;-114.7522354126;
221309.3593750000;-114.7941360474;
223872.0625000000;-114.7693481445;
226464.4375000000;-114.7264480591;
229086.8281250000;-114.7095260620;
231739.3437500000;-114.6000900269;
234422.8125000000;-114.2774734497;
237137.3750000000;-113.2742233276;
239883.3593750000;-111.9380416870;
242661.1406250000;-110.9072875977;
245470.8125000000;-109.4442825317;
248313.2968750000;-108.4462509155;
251188.7031250000;-108.2568283081;
254097.3906250000;-108.7338409424;
257039.4843750000;-109.6770706177;
260015.9375000000;-110.5355834961;
263026.8437500000;-110.8643646240;
266072.6250000000;-110.6503219604;
269153.3750000000;-109.5658340454;
272270.0937500000;-108.2653121948;
275422.9062500000;-107.3739013672;
278612.2187500000;-107.1179275513;
281838.1562500000;-107.1997299194;
285101.7812500000;-106.6835250854;
288403.1875000000;-105.3753128052;
291742.8125000000;-103.1184616089;
295120.7812500000;-100.8682937622;
298538.1875000000;-98.5783233643;
301995.1875000000;-97.6781158447;
305492.2187500000;-96.8767166138;
309029.3750000000;-96.1390457153;
312607.8437500000;-95.4375152588;
316227.7812500000;-94.7976608276;
319889.5937500000;-94.2802810669;
323593.8125000000;-93.8270111084;
327340.5937500000;-93.6216964722;
331131.0937500000;-93.5362472534;
334965.5000000000;-93.6267700195;
338844.3125000000;-93.9617385864;
342767.6562500000;-94.4181213379;
346736.8125000000;-95.0723724365;
350751.9375000000;-95.7990798950;
354813.5312500000;-96.4931564331;
358921.7812500000;-96.9352340698;
363078.0000000000;-96.8572845459;
367282.3437500000;-96.4437484741;
371535.3750000000;-95.6572341919;
375837.2500000000;-94.8643493652;
380189.3437500000;-94.1373519897;
384591.8125000000;-93.5090332031;
389045.2812500000;-92.8779525757;
393549.8750000000;-91.9923629761;
398107.0937500000;-90.7945251465;
402717.0625000000;-89.1935195923;
407380.4062500000;-87.3685684204;
412097.3125000000;-85.6954574585;
416869.2812500000;-84.2919845581;
421696.5000000000;-83.2693328857;
426579.6250000000;-82.7937011719;
431519.3125000000;-82.8938140869;
436515.6875000000;-83.5182800293;
441570.4375000000;-84.6817245483;
446683.6875000000;-86.3876800537;
451856.1562500000;-88.6217803955;
457088.0312500000;-91.3741302490;
462380.9687500000;-94.3738174438;
467735.2187500000;-97.3101730347;
473151.4687500000;-99.9006118774;
478629.9062500000;-102.0055389404;
484172.3125000000;-103.6613616943;
489778.8750000000;-104.9995117188;
495450.3750000000;-106.1271972656;
501187.0000000000;-107.1166381836;
506990.6250000000;-108.0442581177;
512861.4375000000;-108.9606475830;
518800.2187500000;-109.8394012451;
524807.1875000000;-110.6061019897;
530884.3125000000;-111.2527008057;
537031.8125000000;-111.7941894531;
543250.5000000000;-112.3021850586;
549540.5625000000;-112.8013229370;
555904.1250000000;-113.2787780762;
562341.3125000000;-113.6936187744;
568853.0625000000;-114.0123825073;
575440.2500000000;-114.2566833496;
582103.0625000000;-114.3936538696;
588843.6250000000;-112.3879623413;
595662.2500000000;-107.6328811646;
602559.8750000000;-104.2721786499;
609536.6875000000;-101.8383560181;
616594.9375000000;-100.4463500977;
623734.9375000000;-100.1036148071;
630957.6250000000;-100.8080673218;
638263.2500000000;-103.7415084839;
645654.1250000000;-109.0725708008;
653130.6250000000;-113.1132583618;
660693.6875000000;-116.1623382568;
668343.6250000000;-118.0709686279;
676082.8750000000;-119.1854324341;
683911.6875000000;-119.6957550049;
691831.1875000000;-120.1154556274;
699841.6875000000;-120.3752059937;
707945.6250000000;-120.5884170532;
716143.4375000000;-120.7123794556;
724436.1875000000;-119.1995010376;
732824.1250000000;-116.5946197510;
741310.0625000000;-112.8361740112;
749894.1875000000;-110.9317779541;
758577.7500000000;-111.3689956665;
767361.8750000000;-113.8819046021;
776246.8750000000;-116.7781448364;
785235.6250000000;-121.2960205078;
794328.4375000000;-123.9729385376;
803526.5000000000;-124.0998229980;
812830.2500000000;-123.9745407104;
822242.5625000000;-123.9478836060;
831763.9375000000;-124.3516082764;
841395.5000000000;-124.8301010132;
851137.6875000000;-125.0755767822;
860993.6250000000;-125.1780776978;
870963.6875000000;-125.3794097900;
881049.2500000000;-125.8112030029;
891250.5625000000;-126.1212615967;
901571.0000000000;-126.3875122070;
912010.9375000000;-126.7614593506;
922571.7500000000;-127.1574478149;
933253.8750000000;-127.4296188354;
944060.6875000000;-127.6234512329;
954992.6250000000;-127.7438888550;
966051.1875000000;-127.7666397095;
977236.6875000000;-127.8577880859;
988552.8125000000;-128.0112915039;
1000000.0000000000;-128.1268920898;
