Window;1;Noise Spectrum;
Trace;1;
1.0000000000;-63.8286132813;
1.0115795135;-63.9616394043;
1.0232930183;-64.1408386230;
1.0351421833;-64.3636474609;
1.0471285582;-64.5864562988;
1.0592536926;-64.8092651367;
1.0715192556;-65.0320739746;
1.0839269161;-65.2626800537;
1.0964782238;-65.5168685913;
1.1091748476;-65.7710571289;
1.1220184565;-66.0252456665;
1.1350108385;-66.2794265747;
1.1481536627;-66.5031356812;
1.1614485979;-66.6498870850;
1.1748975515;-66.7966384888;
1.1885021925;-66.9433822632;
1.2022644281;-67.0901336670;
1.2161860466;-67.1597671509;
1.2302688360;-67.1752624512;
1.2445145845;-67.1907501221;
1.2589254379;-67.2062454224;
1.2735030651;-67.2197952271;
1.2882494926;-67.2206344604;
1.3031667471;-67.2214736938;
1.3182567358;-67.2223129272;
1.3335214853;-67.2231521606;
1.3489629030;-67.2796325684;
1.3645831347;-67.3426895142;
1.3803843260;-67.4057464600;
1.3963683844;-67.4688034058;
1.4125375748;-67.5756683350;
1.4288939238;-67.6900405884;
1.4454398155;-67.8044204712;
1.4621771574;-67.9187927246;
1.4791084528;-68.0372467041;
1.4962356091;-68.1557235718;
1.5135612488;-68.2742004395;
1.5310875177;-68.3884963989;
1.5488165617;-68.4928054810;
1.5667510033;-68.5971221924;
1.5848932266;-68.7014389038;
1.6032453775;-68.8188858032;
1.6218100786;-68.9407043457;
1.6405898333;-69.0625152588;
1.6595869064;-69.2077941895;
1.6788040400;-69.3978881836;
1.6982436180;-69.5879821777;
1.7179083824;-69.7857742310;
1.7378008366;-70.0933914185;
1.7579236031;-70.4010086060;
1.7782794237;-70.7086257935;
1.7988709211;-71.1618728638;
1.8197008371;-71.6301193237;
1.8407719135;-72.0983657837;
1.8620871305;-72.6751022339;
1.8836491108;-73.2696990967;
1.9054607153;-73.8642883301;
1.9275249243;-74.2534790039;
1.9498445988;-74.6233444214;
1.9724227190;-74.9488754272;
1.9952623844;-74.6460800171;
2.0183663368;-74.3432922363;
2.0417380333;-73.9572448730;
2.0653800964;-73.3843612671;
2.0892961025;-72.8114776611;
2.1134889126;-72.3048934937;
2.1379621029;-71.8363342285;
2.1627185345;-71.3741836548;
2.1877615452;-71.0565795898;
2.2130947113;-70.7389755249;
2.2387211323;-70.5058746338;
2.2646441460;-70.3493499756;
2.2908678055;-70.2120742798;
2.3173947334;-70.3031463623;
2.3442287445;-70.3942108154;
2.3713736534;-70.7490692139;
2.3988327980;-71.2181167603;
2.4266099930;-71.8880920410;
2.4547088146;-72.8837814331;
2.4831330776;-73.9634780884;
2.5118863583;-75.6295547485;
2.5409727097;-77.2956390381;
2.5703957081;-78.9547500610;
2.6001594067;-80.6133117676;
2.6302678585;-80.1337356567;
2.6607251167;-79.0562057495;
2.6915347576;-77.6037902832;
2.7227013111;-75.9816436768;
2.7542285919;-74.8744277954;
2.7861211300;-74.0511779785;
2.8183827400;-73.6582412720;
2.8510184288;-73.4993667603;
2.8840315342;-73.6742782593;
2.9174270630;-73.9951705933;
2.9512093067;-74.3763504028;
2.9853825569;-74.7738876343;
3.0199515820;-74.5456771851;
3.0549211502;-74.2257766724;
3.0902955532;-73.5389633179;
3.1260793209;-72.9397583008;
3.1622776985;-72.5459136963;
3.1988949776;-72.3784866333;
3.2359364033;-72.4006805420;
3.2734067440;-72.6678237915;
3.3113110065;-72.9983215332;
3.3496541977;-73.3983688354;
3.3884413242;-73.7612380981;
3.4276781082;-74.0843200684;
3.4673686028;-74.4244461060;
3.5075187683;-74.8425750732;
3.5481340885;-75.4686126709;
3.5892193317;-76.4546508789;
3.6307804585;-77.7005996704;
3.6728229523;-79.4901351929;
3.7153522968;-81.6156845093;
3.7583739758;-83.7558288574;
3.8018937111;-85.0817413330;
3.8459177017;-84.4693679810;
3.8904511929;-82.8651733398;
3.9355010986;-80.7468719482;
3.9810719490;-78.9464721680;
4.0271706581;-77.5085678101;
4.0738029480;-76.4992675781;
4.1209754944;-76.1782836914;
4.1686940193;-76.3849945068;
4.2169651985;-76.8028793335;
4.2657952309;-77.1407318115;
4.3151907921;-76.5267944336;
4.3651580811;-75.3177871704;
4.4157042503;-74.2530059814;
4.4668354988;-73.6729202271;
4.5185589790;-73.7948913574;
4.5708823204;-74.8523025513;
4.6238102913;-76.8663101196;
4.6773514748;-79.7025070190;
4.7315125465;-82.3966369629;
4.7863011360;-83.8393936157;
4.8417239189;-83.7580947876;
4.8977880478;-83.9432373047;
4.9545016289;-84.3458328247;
5.0118722916;-83.4441070557;
5.0699067116;-82.3176345825;
5.1286134720;-81.7428283691;
5.1880002022;-81.8339920044;
5.2480750084;-82.3908081055;
5.3088445663;-82.9300308228;
5.3703184128;-82.7442626953;
5.4325037003;-81.6232681274;
5.4954090118;-80.2119522095;
5.5590424538;-79.4925079346;
5.6234130859;-78.9139175415;
5.6885290146;-79.0000000000;
5.7543992996;-79.8212661743;
5.8210320473;-81.1717681885;
5.8884363174;-82.6989746094;
5.9566211700;-84.5399780273;
6.0255956650;-85.5313491821;
6.0953693390;-85.3999557495;
6.1659502983;-83.6987762451;
6.2373485565;-80.9204025269;
6.3095736504;-78.7968063354;
6.3826351166;-77.6690521240;
6.4565424919;-77.6543807983;
6.5313053131;-78.5274047852;
6.6069345474;-78.7392044067;
6.6834387779;-78.2488632202;
6.7608294487;-77.4544906616;
6.8391160965;-76.8484802246;
6.9183092117;-77.4315795898;
6.9984202385;-78.8066940308;
7.0794582367;-80.9811553955;
7.1614346504;-85.2367172241;
7.2443599701;-91.1288986206;
7.3282456398;-92.1056823730;
7.4131026268;-92.0518722534;
7.4989418983;-89.1984634399;
7.5857758522;-86.7348861694;
7.6736145020;-85.0894012451;
7.7624707222;-83.6965103149;
7.8523559570;-80.6698608398;
7.9432821274;-77.9709091187;
8.0352611542;-76.8138275146;
8.1283054352;-77.2695770264;
8.2224273682;-79.2000198364;
8.3176383972;-81.8522186279;
8.4139518738;-83.9946899414;
8.5113801956;-83.1887817383;
8.6099376678;-80.2614364624;
8.7096357346;-78.6269836426;
8.8104887009;-78.1323776245;
8.9125089645;-78.3855285645;
9.0157108307;-79.3408432007;
9.1201076508;-79.6477813721;
9.2257137299;-79.0321731567;
9.3325433731;-79.2131729126;
9.4406089783;-81.3408660889;
9.5499258041;-81.2573165894;
9.6605091095;-78.3844680786;
9.7723722458;-77.0990142822;
9.8855314255;-78.5194320679;
10.0000000000;-81.9421997070;
10.1157941818;-82.4463577271;
10.2329292297;-82.9683685303;
10.3514213562;-83.4203643799;
10.4712848663;-83.6869354248;
10.5925369263;-83.6739273071;
10.7151927948;-83.3746643066;
10.8392686844;-82.8899230957;
10.9647808075;-82.3718872070;
11.0917472839;-82.0190582275;
11.2201833725;-81.7397460938;
11.3501071930;-81.6838073730;
11.4815349579;-81.8555526733;
11.6144876480;-82.2231674194;
11.7489767075;-82.7131805420;
11.8850231171;-83.3752975464;
12.0226459503;-83.6243133545;
12.1618614197;-83.3770523071;
12.3026885986;-82.8624343872;
12.4451465607;-82.1999664307;
12.5892543793;-81.5188674927;
12.7350311279;-80.9192123413;
12.8824958801;-80.4637374878;
13.0316677094;-80.1295776367;
13.1825675964;-80.1188049316;
13.3352146149;-80.2487106323;
13.4896287918;-80.3863372803;
13.6458311081;-80.4574813843;
13.8038425446;-80.3929061890;
13.9636831284;-80.2921600342;
14.1253747940;-80.3352584839;
14.2889385223;-80.7233886719;
14.4543962479;-81.4546966553;
14.6217708588;-82.0817565918;
14.7910823822;-82.6888046265;
14.9623546600;-83.2633743286;
15.1356105804;-83.3904113770;
15.3108730316;-83.1809921265;
15.4881677628;-82.9859237671;
15.6675128937;-82.9684219360;
15.8489332199;-83.1799087524;
16.0324554443;-83.6046218872;
16.2181015015;-84.0639114380;
16.4058990479;-84.2021026611;
16.5958709717;-83.5743637085;
16.7880401611;-82.5395889282;
16.9824371338;-81.5108871460;
17.1790847778;-80.7995452881;
17.3780078888;-80.4868011475;
17.5792369843;-80.4539184570;
17.7827949524;-80.6251068115;
17.9887084961;-81.0130004883;
18.1970081329;-81.6382522583;
18.4077186584;-82.4578781128;
18.6208705902;-83.3099822998;
18.8364906311;-83.4054718018;
19.0546054840;-83.0952682495;
19.2752475739;-82.7137680054;
19.4984436035;-82.7015914917;
19.7242259979;-83.1048583984;
19.9526214600;-83.5745391846;
20.1836605072;-83.9800567627;
20.4173774719;-84.1463317871;
20.6538047791;-83.8338928223;
20.8929634094;-83.2327957153;
21.1348934174;-82.5422134399;
21.3796234131;-82.1133117676;
21.6271877289;-82.3191375732;
21.8776187897;-83.2572860718;
22.1309490204;-84.5237503052;
22.3872127533;-85.1549987793;
22.6464443207;-84.7154312134;
22.9086780548;-84.0112457275;
23.1739463806;-83.7446823120;
23.4422893524;-84.0954360962;
23.7137374878;-84.9415740967;
23.9883289337;-85.7745513916;
24.2660999298;-85.6683044434;
24.5470886230;-84.2220306396;
24.8313293457;-83.2387008667;
25.1188621521;-83.4820938110;
25.4097251892;-84.5421295166;
25.7039566040;-85.9846038818;
26.0015926361;-86.2064056396;
26.3026771545;-85.7921981812;
26.6072483063;-86.2710189819;
26.9153442383;-87.5628051758;
27.2270088196;-89.0619583130;
27.5422897339;-88.8493041992;
27.8612155914;-87.1381225586;
28.1838321686;-85.0476760864;
28.5101852417;-83.3935012817;
28.8403167725;-82.8879318237;
29.1742725372;-83.6956481934;
29.5120944977;-85.0902862549;
29.8538284302;-86.1864929199;
30.1995182037;-84.8899993896;
30.5492115021;-84.9077606201;
30.9029541016;-84.8791198730;
31.2607936859;-84.8149490356;
31.6227760315;-84.7258148193;
31.9889507294;-84.6172561646;
32.3593635559;-84.5174026489;
32.7340698242;-84.4396362305;
33.1131095886;-84.3945617676;
33.4965438843;-84.4168777466;
33.8844146729;-84.5365219116;
34.2767753601;-84.7562942505;
34.6736831665;-85.0855560303;
35.0751838684;-85.5349884033;
35.4813346863;-86.0808029175;
35.8921890259;-86.6332702637;
36.3078002930;-87.1419982910;
36.7282333374;-87.5680465698;
37.1535263062;-87.8940658569;
37.5837440491;-88.1340026855;
38.0189437866;-88.3338241577;
38.4591827393;-88.4994049072;
38.9045181274;-88.6113433838;
39.3550109863;-88.6397476196;
39.8107185364;-88.5595779419;
40.2717056274;-88.3695373535;
40.7380294800;-88.1054000854;
41.2097511292;-87.8359680176;
41.6869392395;-87.6486587524;
42.1696510315;-87.6088790894;
42.6579513550;-87.7401504517;
43.1519050598;-88.0225143433;
43.6515808105;-88.3809509277;
44.1570434570;-88.6924362183;
44.6683578491;-88.8548126221;
45.1855926514;-88.7564468384;
45.7088165283;-88.5503768921;
46.2380981445;-88.3618011475;
46.7735099792;-88.2633743286;
47.3151206970;-88.2513351440;
47.8630027771;-88.2611541748;
48.4172286987;-88.2064285278;
48.9778900146;-88.0308456421;
49.5450248718;-87.7444152832;
50.1187286377;-87.2703475952;
50.6990776062;-86.9656753540;
51.2861442566;-86.9733200073;
51.8800086975;-87.1763763428;
52.4807510376;-87.5584564209;
53.0884475708;-88.0511932373;
53.7031822205;-88.7230072021;
54.3250350952;-89.1215057373;
54.9540901184;-89.1979446411;
55.5904273987;-89.2025680542;
56.2341308594;-89.0149536133;
56.8852920532;-88.0991058350;
57.5439910889;-88.0107803345;
58.2103195190;-88.0794525146;
58.8843612671;-88.0386657715;
59.5662117004;-88.0480957031;
60.2559547424;-87.9381484985;
60.9536857605;-88.0055465698;
61.6594963074;-88.0776290894;
62.3734779358;-88.1844253540;
63.0957260132;-88.2903594971;
63.8263397217;-88.3945922852;
64.5654144287;-88.4979934692;
65.3130645752;-88.5822143555;
66.0693511963;-88.5779418945;
66.8343963623;-88.6510086060;
67.6083068848;-88.7393722534;
68.3911743164;-88.8208923340;
69.1831054688;-88.9105529785;
69.9842071533;-89.0056610107;
70.7945785522;-89.1000747681;
71.6143417358;-89.1725540161;
72.4435958862;-89.2078781128;
73.2824554443;-89.4380798340;
74.1310272217;-89.8822174072;
74.9894180298;-90.3608322144;
75.8577575684;-90.2940902710;
76.7361450195;-90.0014648438;
77.6247100830;-89.8844375610;
78.5235595703;-90.1720581055;
79.4328155518;-90.6562957764;
80.3526077271;-90.8527679443;
81.2830429077;-90.8367767334;
82.2242584229;-90.7541580200;
83.1763687134;-90.7028579712;
84.1395034790;-90.5496749878;
85.1137924194;-90.4097442627;
86.0993652344;-90.5991973877;
87.0963668823;-91.0940246582;
88.1048965454;-91.4509124756;
89.1251068115;-91.1026153564;
90.1571197510;-90.2058715820;
91.2010955811;-89.4683227539;
92.2571487427;-89.3012390137;
93.3254394531;-89.7875442505;
94.4060897827;-90.5250167847;
95.4992599487;-91.0668716431;
96.6050872803;-91.5027847290;
97.7237243652;-91.3543319702;
98.8553085327;-91.0627899170;
100.0000000000;-91.3880538940;
101.1579742432;-91.4044647217;
102.3292999268;-91.3670806885;
103.5142440796;-91.2788848877;
104.7128524780;-91.1786651611;
105.9253921509;-91.0826873779;
107.1519241333;-91.0477523804;
108.3927154541;-91.0543594360;
109.6478118896;-91.1111221313;
110.9175033569;-91.2064132690;
112.2018356323;-91.3025207520;
113.5010986328;-91.3756179810;
114.8153457642;-91.4040451050;
116.1448745728;-91.4075698853;
117.4897384644;-91.3917617798;
118.8502349854;-91.4155273438;
120.2264251709;-91.4802017212;
121.6186141968;-91.6507263184;
123.0268554688;-91.8993682861;
124.4514694214;-92.1940078735;
125.8925170898;-92.5163803101;
127.3503112793;-92.7732086182;
128.8249206543;-92.9451293945;
130.3166809082;-93.0146942139;
131.8256378174;-92.9371109009;
133.3521423340;-92.8041763306;
134.8963165283;-92.6641998291;
136.4583129883;-92.5569839478;
138.0384674072;-92.5652618408;
139.6368255615;-92.7097778320;
141.2537841797;-92.9598388672;
142.8893890381;-93.2777252197;
144.5440063477;-93.6012649536;
146.2176971436;-93.7980957031;
147.9108581543;-93.8135299683;
149.6235504150;-93.6869583130;
151.3561553955;-93.4752273560;
153.1087188721;-93.2454452515;
154.8816833496;-93.0549392700;
156.6750793457;-92.9347076416;
158.4893341064;-92.8854141235;
160.3245086670;-92.8683700562;
162.1810302734;-92.8720626831;
164.0589447021;-92.9111862183;
165.9586944580;-93.0045547485;
167.8803710938;-93.1337356567;
169.8243713379;-93.1955566406;
171.7908020020;-93.0033721924;
173.7800903320;-92.4291305542;
175.7923126221;-91.6037292480;
177.8279418945;-91.0931320190;
179.8871459961;-90.5871353149;
181.9700775146;-90.6447677612;
184.0772399902;-91.2646713257;
186.2087097168;-92.7059020996;
188.3649444580;-93.8674850464;
190.5460662842;-94.1509246826;
192.7525329590;-94.2267379761;
194.9844360352;-94.2189941406;
197.2423095703;-94.1940536499;
199.5262145996;-94.1961898804;
201.8366699219;-94.2373123169;
204.1737670898;-94.2856903076;
206.5380401611;-94.2908782959;
208.9295806885;-94.3048934937;
211.3489227295;-94.4440383911;
213.7961730957;-94.7059631348;
216.2718658447;-94.9889831543;
218.7761230469;-95.1666030884;
221.3094787598;-95.1504135132;
223.8720703125;-95.1599884033;
226.4644470215;-95.1846694946;
229.0867156982;-95.1125030518;
231.7394714355;-95.0046844482;
234.4228210449;-95.0257797241;
237.1373748779;-95.1950836182;
239.8833618164;-95.3817367554;
242.6610107422;-95.4687728882;
245.4709472656;-95.5688400269;
248.3132934570;-95.7050628662;
251.1887054443;-95.7864532471;
254.0972595215;-95.6295852661;
257.0396423340;-95.3277435303;
260.0159301758;-95.1647872925;
263.0268554688;-95.1720046997;
266.0724792480;-95.2362442017;
269.1535339355;-95.3797378540;
272.2700805664;-95.5623245239;
275.4229125977;-95.7217712402;
278.6120605469;-95.8756332397;
281.8383178711;-95.9688186646;
285.1017761230;-95.9196548462;
288.4031677246;-95.7284698486;
291.7426452637;-94.3427429199;
295.1209411621;-92.0722198486;
298.5382080078;-90.2980804443;
301.9951782227;-93.0390396118;
305.4920349121;-93.1869659424;
309.0295410156;-93.5825500488;
312.6078491211;-93.9984664917;
316.2277526855;-94.5065689087;
319.8895874023;-94.9852371216;
323.5936584473;-95.3992691040;
327.3407592773;-95.7098083496;
331.1311035156;-95.9101257324;
334.9655151367;-95.9789352417;
338.8441467285;-95.9895706177;
342.7678527832;-95.9304733276;
346.7368164063;-95.8779144287;
350.7519226074;-95.8650741577;
354.8133544922;-95.9147872925;
358.9219970703;-96.0195617676;
363.0780029297;-96.2130050659;
367.2823486328;-96.4240341187;
371.5351867676;-96.6502990723;
375.8374328613;-96.8298950195;
380.1893310547;-96.9731750488;
384.5918273926;-96.9995880127;
389.0450744629;-96.9217529297;
393.5501098633;-96.7493515015;
398.1070861816;-96.3367767334;
402.7170410156;-95.8276367188;
407.3801879883;-95.2531509399;
412.0975341797;-94.7650909424;
416.8692626953;-94.5100555420;
421.6965026855;-94.4849319458;
426.5796203613;-94.7924118042;
431.5190734863;-95.4122619629;
436.5159301758;-96.1424560547;
441.5704345703;-96.9144668579;
446.6836853027;-97.5710906982;
451.8559265137;-98.0169677734;
457.0882873535;-98.2822570801;
462.3809814453;-98.3725051880;
467.7352294922;-98.3003540039;
473.1512145996;-98.1444015503;
478.6301574707;-98.0115509033;
484.1723022461;-97.9250488281;
489.7788696289;-97.8889770508;
495.4501037598;-97.8857955933;
501.1872863770;-97.8859710693;
506.9906311035;-97.8380050659;
512.8614501953;-97.6727142334;
518.7999267578;-97.3457031250;
524.8074951172;-96.8948669434;
530.8843383789;-96.4548187256;
537.0317993164;-96.2126846313;
543.2501831055;-96.3080291748;
549.5408935547;-96.7510528564;
555.9041137695;-97.3809967041;
562.3413085938;-97.9011077881;
568.8530883789;-98.1559753418;
575.4399414063;-98.2198867798;
582.1033325195;-98.2512054443;
588.8436279297;-98.3476104736;
595.6622924805;-98.5425262451;
602.5595703125;-98.7128982544;
609.5369873047;-98.8057327271;
616.5949707031;-98.8059158325;
623.7349243164;-98.7092056274;
630.9572753906;-98.2990417480;
638.2636108398;-97.1730575562;
645.6541137695;-95.4905548096;
653.1306152344;-94.0134887695;
660.6933593750;-93.3062744141;
668.3439941406;-94.1003799438;
676.0828857422;-96.3230438232;
683.9116821289;-97.5288238525;
691.8308105469;-97.8087539673;
699.8420410156;-97.6769485474;
707.9456176758;-97.7149124146;
716.1434326172;-98.3184051514;
724.4357910156;-99.0576477051;
732.8245239258;-99.3330535889;
741.3100585938;-99.4291152954;
749.8942260742;-99.1585388184;
758.5777587891;-98.0727844238;
767.3614501953;-96.8742218018;
776.2473144531;-95.7124023438;
785.2355957031;-95.9223098755;
794.3284301758;-96.9032440186;
803.5260620117;-98.5139160156;
812.8306884766;-99.4580535889;
822.2425537109;-99.5945434570;
831.7639160156;-99.5511627197;
841.3950195313;-99.5919570923;
851.1381835938;-99.7966690063;
860.9936523438;-99.8764495850;
870.9636840820;-99.3742752075;
881.0487670898;-97.7963256836;
891.2510375977;-95.8235778809;
901.5709838867;-95.2176284790;
912.0109252930;-96.5922698975;
922.5712280273;-98.8103561401;
933.2543334961;-99.8436508179;
944.0606689453;-99.9063796997;
954.9926147461;-99.8693923950;
966.0506591797;-100.0875244141;
977.2372436523;-100.4298934937;
988.5528564453;-100.1203079224;
1000.0000000000;-96.5253067017;
1011.5797119141;-96.3627166748;
1023.2929687500;-96.3689193726;
1035.1424560547;-96.5345535278;
1047.1285400391;-96.9282989502;
1059.2539062500;-97.3925933838;
1071.5192871094;-97.9516601563;
1083.9271240234;-98.4490203857;
1096.4781494141;-98.8718566895;
1109.1750488281;-99.1111831665;
1122.0183105469;-99.2872619629;
1135.0109863281;-99.3806076050;
1148.1534423828;-99.4352798462;
1161.4487304688;-99.4421768188;
1174.8973388672;-99.2618865967;
1188.5023193359;-98.8601760864;
1202.2642822266;-98.3014755249;
1216.1861572266;-97.6001129150;
1230.2685546875;-97.0163726807;
1244.5146484375;-96.5708923340;
1258.9251708984;-96.3832244873;
1273.5031738281;-96.3094940186;
1288.2492675781;-96.0037994385;
1303.1667480469;-95.3043975830;
1318.2563476563;-93.7201004028;
1333.5214843750;-91.9665527344;
1348.9632568359;-90.3173065186;
1364.5831298828;-88.9817276001;
1380.3846435547;-88.2351608276;
1396.3682861328;-88.0480804443;
1412.5378417969;-88.3387603760;
1428.8939208984;-89.0452575684;
1445.4400634766;-90.0497055054;
1462.1770019531;-91.0340957642;
1479.1086425781;-91.7109069824;
1496.2354736328;-92.2272033691;
1513.5615234375;-92.7840118408;
1531.0872802734;-93.5177307129;
1548.8167724609;-94.3778457642;
1566.7508544922;-95.0875320435;
1584.8933105469;-95.3535232544;
1603.2451171875;-95.4675369263;
1621.8101806641;-95.7360687256;
1640.5894775391;-96.2051010132;
1659.5870361328;-96.5563430786;
1678.8035888672;-96.3444442749;
1698.2437744141;-95.5547180176;
1717.9079589844;-94.6880264282;
1737.8009033203;-94.2631912231;
1757.9230957031;-94.4771423340;
1778.2794189453;-94.8318786621;
1798.8713378906;-95.7045974731;
1819.7008056641;-96.1960601807;
1840.7724609375;-96.0746154785;
1862.0870361328;-96.0223846436;
1883.6495361328;-97.0420837402;
1905.4605712891;-98.2515182495;
1927.5252685547;-99.1849746704;
1949.8444824219;-99.4638824463;
1972.4230957031;-99.4511337280;
1995.2620849609;-99.6198806763;
2018.3666992188;-100.0203170776;
2041.7376708984;-100.3239440918;
2065.3803710938;-100.0289611816;
2089.2958984375;-99.6378402710;
2113.4892578125;-99.7834091187;
2137.9616699219;-100.1252136230;
2162.7187500000;-100.2174148560;
2187.7612304688;-99.5246276855;
2213.0949707031;-98.9980239868;
2238.7207031250;-99.2542114258;
2264.6442871094;-99.9360275269;
2290.8671875000;-100.9840011597;
2317.3947753906;-101.4430389404;
2344.2282714844;-101.4801788330;
2371.3737792969;-101.6025695801;
2398.8334960938;-101.7921981812;
2426.6101074219;-101.8895034790;
2454.7094726563;-101.9086456299;
2483.1330566406;-101.7027969360;
2511.8869628906;-100.8895874023;
2540.9726562500;-99.7329101563;
2570.3962402344;-99.0530776978;
2600.1594238281;-99.1277923584;
2630.2685546875;-99.0200576782;
2660.7248535156;-98.0353775024;
2691.5351562500;-97.3790969849;
2722.7009277344;-97.8618240356;
2754.2290039063;-99.1917877197;
2786.1208496094;-100.0967102051;
2818.3833007813;-100.2880172729;
2851.0178222656;-100.6780242920;
2884.0317382813;-101.2855987549;
2917.4265136719;-101.7456054688;
2951.2094726563;-101.7646713257;
2985.3820800781;-101.0280075073;
3019.9519042969;-99.8610763550;
3054.9204101563;-99.7806625366;
3090.2954101563;-99.8186187744;
3126.0786132813;-99.8769607544;
3162.2775878906;-100.0275878906;
3198.8959960938;-100.1914443970;
3235.9365234375;-100.3843536377;
3273.4077148438;-100.5814971924;
3311.3110351563;-100.7831344604;
3349.6550292969;-100.9915466309;
3388.4414062500;-101.2029495239;
3427.6784667969;-101.4047470093;
3467.3681640625;-101.5953826904;
3507.5192871094;-101.7483673096;
3548.1335449219;-101.8676223755;
3589.2199707031;-101.9571990967;
3630.7800292969;-101.9981384277;
3672.8234863281;-102.0214843750;
3715.3518066406;-102.0130691528;
3758.3745117188;-101.9935531616;
3801.8933105469;-101.9708023071;
3845.9182128906;-101.9718856812;
3890.4506835938;-102.0043487549;
3935.5009765625;-102.0636596680;
3981.0708007813;-102.1623306274;
4027.1704101563;-102.2598266602;
4073.8017578125;-102.3542861938;
4120.9750976563;-102.4302291870;
4168.6928710938;-102.5093460083;
4216.9648437500;-102.5995635986;
4265.7963867188;-102.7176666260;
4315.1904296875;-102.8691558838;
4365.1591796875;-103.0245971680;
4415.7041015625;-103.1681594849;
4466.8369140625;-103.2517395020;
4518.5590820313;-103.2350311279;
4570.8828125000;-103.1347656250;
4623.8095703125;-102.9597091675;
4677.3520507813;-102.7282714844;
4731.5122070313;-102.4971008301;
4786.3017578125;-102.3239364624;
4841.7231445313;-102.2296218872;
4897.7890625000;-102.2113037109;
4954.5009765625;-102.2359161377;
5011.8730468750;-102.2401046753;
5069.9062500000;-102.2250366211;
5128.6142578125;-102.2375259399;
5187.9995117188;-102.2953033447;
5248.0747070313;-102.3842620850;
5308.8432617188;-102.4716873169;
5370.3183593750;-102.5306472778;
5432.5019531250;-102.5516128540;
5495.4086914063;-102.5304489136;
5559.0410156250;-102.4610595703;
5623.4130859375;-102.3398437500;
5688.5307617188;-102.1641998291;
5754.3994140625;-101.9421691895;
5821.0336914063;-101.7111282349;
5888.4365234375;-101.5276260376;
5956.6225585938;-101.4118652344;
6025.5957031250;-101.3845367432;
6095.3701171875;-101.3688354492;
6165.9497070313;-101.3487625122;
6237.3496093750;-101.3177719116;
6309.5727539063;-101.2506179810;
6382.6357421875;-101.1470260620;
6456.5415039063;-101.0587158203;
6531.3061523438;-101.0350341797;
6606.9335937500;-101.0845336914;
6683.4399414063;-101.2740478516;
6760.8286132813;-101.5205993652;
6839.1171875000;-101.6644287109;
6918.3081054688;-101.7764129639;
6998.4204101563;-101.8620605469;
7079.4560546875;-101.9225082397;
7161.4345703125;-101.9760665894;
7244.3579101563;-101.9676589966;
7328.2456054688;-101.8525924683;
7413.1005859375;-101.6413269043;
7498.9418945313;-101.2977447510;
7585.7778320313;-101.0917816162;
7673.6147460938;-101.0880432129;
7762.4731445313;-101.2712936401;
7852.3559570313;-101.5816192627;
7943.2841796875;-101.8052291870;
8035.2607421875;-102.0002746582;
8128.3066406250;-101.8961715698;
8222.4257812500;-101.6390991211;
8317.6396484375;-101.2951431274;
8413.9501953125;-101.1331481934;
8511.3818359375;-101.0618438721;
8609.9365234375;-101.0202484131;
8709.6367187500;-101.0364685059;
8810.4873046875;-101.0198974609;
8912.5107421875;-101.0544586182;
9015.7099609375;-101.3082275391;
9120.1093750000;-101.7739257813;
9225.7128906250;-102.1245498657;
9332.5439453125;-101.8825149536;
9440.6064453125;-100.9635620117;
9549.9267578125;-100.4659576416;
9660.5068359375;-100.5615997314;
9772.3720703125;-101.0311660767;
9885.5283203125;-101.6342010498;
10000.0000000000;-101.9236679077;
10115.7968750000;-102.1479721069;
10232.9355468750;-102.3503417969;
10351.4189453125;-102.5319671631;
10471.2851562500;-102.6587600708;
10592.5400390625;-102.7676086426;
10715.1982421875;-102.8455810547;
10839.2656250000;-102.9296112061;
10964.7812500000;-103.0209503174;
11091.7500000000;-103.1385192871;
11220.1894531250;-103.2645416260;
11350.1035156250;-103.4004898071;
11481.5351562500;-103.5197143555;
11614.4873046875;-103.6233139038;
11748.9804687500;-103.6787719727;
11885.0166015625;-103.6970672607;
12022.6425781250;-103.6877899170;
12161.8613281250;-103.6468734741;
12302.6923828125;-103.6065826416;
12445.1396484375;-103.5756988525;
12589.2509765625;-103.5732955933;
12735.0312500000;-103.6204452515;
12882.4990234375;-103.7039108276;
13031.6611328125;-103.8232421875;
13182.5634765625;-103.9761352539;
13335.2138671875;-104.1267700195;
13489.6328125000;-104.2596740723;
13645.8388671875;-104.3616638184;
13803.8388671875;-104.4095916748;
13963.6826171875;-104.4204864502;
14125.3789062500;-104.4147109985;
14288.9462890625;-104.4059143066;
14454.3925781250;-104.4073181152;
14621.7705078125;-104.4292221069;
14791.0869140625;-104.4606323242;
14962.3632812500;-104.4873123169;
15135.6064453125;-104.4979629517;
15310.8730468750;-104.4860687256;
15488.1679687500;-104.4528198242;
15667.5166015625;-104.4068222046;
15848.9248046875;-104.3555984497;
16032.4511718750;-104.2965164185;
16218.1025390625;-104.2217559814;
16405.9042968750;-104.1289215088;
16595.8613281250;-104.0235977173;
16788.0371093750;-103.9148559570;
16982.4375000000;-103.8106765747;
17179.0898437500;-103.7195587158;
17378.0000000000;-103.6550903320;
17579.2324218750;-103.6325607300;
17782.7949218750;-103.6366348267;
17988.7148437500;-103.6828079224;
18197.0175781250;-103.7375259399;
18407.7148437500;-103.7689666748;
18620.8710937500;-103.7378692627;
18836.4941406250;-103.6455307007;
19054.6171875000;-103.5680236816;
19275.2421875000;-103.4924697876;
19498.4433593750;-103.4208374023;
19724.2304687500;-103.3437805176;
19952.6328125000;-103.2265625000;
20183.6562500000;-103.0099487305;
20417.3769531250;-102.6701507568;
20653.8046875000;-102.1549377441;
20892.9687500000;-101.9809341431;
21134.8808593750;-102.1478805542;
21379.6171875000;-102.4005126953;
21627.1875000000;-102.5979309082;
21877.6230468750;-102.7050399780;
22130.9355468750;-102.7260894775;
22387.2070312500;-102.7024078369;
22646.4433593750;-102.6131591797;
22908.6835937500;-102.2990264893;
23173.9335937500;-101.8572082520;
23442.2812500000;-101.5649108887;
23713.7363281250;-101.3049545288;
23988.3359375000;-101.2479934692;
24266.1132812500;-101.2991714478;
24547.0820312500;-101.4635620117;
24831.3300781250;-101.7015228271;
25118.8691406250;-101.8721847534;
25409.7402343750;-101.8668441772;
25703.9492187500;-101.7031936646;
26001.5937500000;-101.5131530762;
26302.6835937500;-101.3669967651;
26607.2617187500;-101.3291625977;
26915.3378906250;-101.4733352661;
27227.0097656250;-101.6955413818;
27542.2910156250;-101.8159866333;
27861.2226562500;-101.7282867432;
28183.8164062500;-101.4745483398;
28510.1777343750;-101.2793197632;
28840.3183593750;-101.2570877075;
29174.2812500000;-101.5180587769;
29512.0781250000;-101.9118118286;
29853.8203125000;-102.2881393433;
30199.5175781250;-102.3131713867;
30549.2207031250;-102.4047851563;
30902.9375000000;-102.4514465332;
31260.7851562500;-102.4908294678;
31622.7773437500;-102.4972381592;
31988.9589843750;-102.5023880005;
32359.3828125000;-102.5048065186;
32734.0585937500;-102.5187377930;
33113.1093750000;-102.5449295044;
33496.5507812500;-102.5904922485;
33884.4335937500;-102.6446228027;
34276.7656250000;-102.7122802734;
34673.6835937500;-102.7794418335;
35075.1953125000;-102.8416442871;
35481.3554687500;-102.8905181885;
35892.1796875000;-102.9276580811;
36307.8007812500;-102.9382476807;
36728.2343750000;-102.9405441284;
37153.5390625000;-102.9293899536;
37583.7226562500;-102.9139556885;
38018.9335937500;-102.8947906494;
38459.1796875000;-102.8610153198;
38904.5273437500;-102.8073959351;
39354.9882812500;-102.7364730835;
39810.7070312500;-102.6337280273;
40271.7070312500;-102.5287857056;
40738.0390625000;-102.4250488281;
41209.7304687500;-102.3467788696;
41686.9257812500;-102.2985458374;
42169.6484375000;-102.2782592773;
42657.9648437500;-102.2958374023;
43151.9296875000;-102.3620529175;
43651.5703125000;-102.4644927979;
44157.0429687500;-102.6015777588;
44668.3671875000;-102.7706604004;
45185.6171875000;-102.9331512451;
45708.8046875000;-103.0668716431;
46238.0976562500;-103.1613388062;
46773.5234375000;-103.2098770142;
47315.1484375000;-103.2363433838;
47862.9921875000;-103.2805099487;
48417.2304687500;-103.3579864502;
48977.8867187500;-103.4766921997;
49545.0390625000;-103.6339416504;
50118.7031250000;-103.8148269653;
50699.0625000000;-103.9899520874;
51286.1445312500;-104.1404037476;
51880.0234375000;-104.2556610107;
52480.7187500000;-104.3327331543;
53088.4335937500;-104.3762741089;
53703.1835937500;-104.3986434937;
54325.0507812500;-104.4208679199;
54954.0585937500;-104.4694671631;
55590.4101562500;-104.5625915527;
56234.1328125000;-104.6889801025;
56885.3085937500;-104.8194961548;
57544.0234375000;-104.9368667603;
58210.3046875000;-105.0479888916;
58884.3632812500;-105.1698608398;
59566.2265625000;-105.3255767822;
60255.9882812500;-105.4422378540;
60953.6679687500;-105.5117645264;
61659.4960937500;-105.5269622803;
62373.4960937500;-105.5157623291;
63095.7617187500;-105.5343627930;
63826.3242187500;-105.6333999634;
64565.4140625000;-105.8148422241;
65313.0625000000;-106.0147094727;
66069.3671875000;-106.1415481567;
66834.3593750000;-106.1343154907;
67608.2890625000;-106.0816268921;
68391.1718750000;-106.1128158569;
69183.1250000000;-106.2198638916;
69984.1640625000;-106.4075317383;
70794.5625000000;-106.6613311768;
71614.3437500000;-107.0579071045;
72443.6171875000;-107.3703613281;
73282.4140625000;-107.5023117065;
74131.0078125000;-107.5942077637;
74989.4218750000;-107.7021560669;
75857.7812500000;-107.8128738403;
76736.1875000000;-107.8767547607;
77624.6875000000;-107.9229431152;
78523.5625000000;-107.9556427002;
79432.8437500000;-107.9938125610;
80352.6484375000;-108.0731506348;
81283.0234375000;-108.2164916992;
82224.2578125000;-108.3815917969;
83176.3906250000;-108.6436004639;
84139.5546875000;-108.8099517822;
85113.7734375000;-108.8383407593;
86099.3671875000;-108.8561706543;
87096.3671875000;-108.9648666382;
88104.9218750000;-109.1312637329;
89125.0546875000;-109.3004379272;
90157.1015625000;-109.4478683472;
91201.0937500000;-109.5649795532;
92257.1718750000;-109.6663818359;
93325.3828125000;-109.7657928467;
94406.0703125000;-109.8921585083;
95499.2656250000;-109.9559707642;
96605.1171875000;-110.0081253052;
97723.6718750000;-110.0532760620;
98855.2812500000;-110.1052780151;
100000.0000000000;-110.3495407104;
101157.9687500000;-110.4836578369;
102329.3515625000;-110.6177368164;
103514.1875000000;-110.7517471313;
104712.8515625000;-110.8731384277;
105925.3984375000;-110.9886627197;
107151.9843750000;-111.0827713013;
108392.6562500000;-111.1683731079;
109647.8125000000;-111.2437057495;
110917.5000000000;-111.3137588501;
112201.8984375000;-111.3824234009;
113501.0390625000;-111.4500961304;
114815.3437500000;-111.5063400269;
116144.8750000000;-111.5502166748;
117489.8046875000;-111.5501556396;
118850.1718750000;-111.5025711060;
120226.4218750000;-111.4167556763;
121618.6093750000;-111.2719268799;
123026.9218750000;-111.1061859131;
124451.3984375000;-110.9332122803;
125892.5156250000;-110.7685852051;
127350.3125000000;-110.6325225830;
128824.9921875000;-110.5163726807;
130316.6093750000;-110.4196777344;
131825.6406250000;-110.3432159424;
133352.1406250000;-110.2961044312;
134896.3281250000;-110.3000183105;
136458.3906250000;-110.3791580200;
138038.3906250000;-110.6061477661;
139636.8281250000;-110.9746475220;
141253.7812500000;-111.4356918335;
142889.4687500000;-111.9444503784;
144543.9218750000;-112.4417572021;
146217.7031250000;-112.8525695801;
147910.8593750000;-113.1953353882;
149623.6250000000;-113.5113449097;
151356.0625000000;-113.8219070435;
153108.7187500000;-114.1283187866;
154881.6875000000;-114.4078979492;
156675.1718750000;-114.6250610352;
158489.2500000000;-114.7477645874;
160324.5156250000;-114.8031692505;
162181.0312500000;-114.8273468018;
164059.0312500000;-114.8555374146;
165958.6093750000;-114.9107971191;
167880.3593750000;-114.9979629517;
169824.3750000000;-115.1063613892;
171790.8906250000;-115.2195205688;
173779.9843750000;-115.3219757080;
175792.3125000000;-115.3881225586;
177827.9375000000;-115.4059219360;
179887.1406250000;-115.2779769897;
181970.1875000000;-114.9022521973;
184077.1406250000;-114.3394851685;
186208.7031250000;-113.6898040771;
188364.9531250000;-113.6688766479;
190546.1562500000;-114.0585708618;
192752.4218750000;-114.5707244873;
194984.4375000000;-115.0709152222;
197242.3125000000;-115.5253448486;
199526.3125000000;-115.9385223389;
201836.5625000000;-116.2770385742;
204173.7656250000;-116.4964828491;
206538.0468750000;-116.6432037354;
208929.7031250000;-116.7785949707;
211348.8125000000;-116.9279022217;
213796.1718750000;-117.0907058716;
216271.8750000000;-117.2097320557;
218776.2343750000;-117.2807922363;
221309.3593750000;-117.3635406494;
223872.0625000000;-117.4890289307;
226464.4375000000;-117.6428375244;
229086.8281250000;-117.8019790649;
231739.3437500000;-117.8451614380;
234422.8125000000;-117.8346557617;
237137.3750000000;-117.8450851440;
239883.3593750000;-117.8937530518;
242661.1406250000;-117.9272003174;
245470.8125000000;-117.9543228149;
248313.2968750000;-118.0077743530;
251188.7031250000;-118.1330337524;
254097.3906250000;-118.2560882568;
257039.4843750000;-118.3699645996;
260015.9375000000;-118.5381088257;
263026.8437500000;-118.7175674438;
266072.6250000000;-118.8164215088;
269153.3750000000;-118.8449707031;
272270.0937500000;-118.8982849121;
275422.9062500000;-119.0018157959;
278612.2187500000;-119.1289901733;
281838.1562500000;-119.2855758667;
285101.7812500000;-119.4492416382;
288403.1875000000;-119.5680694580;
291742.8125000000;-119.6081390381;
295120.7812500000;-119.5482635498;
298538.1875000000;-119.5177307129;
301995.1875000000;-119.8368453979;
305492.2187500000;-119.9231491089;
309029.3750000000;-119.9912033081;
312607.8437500000;-120.0404357910;
316227.7812500000;-120.0575714111;
319889.5937500000;-120.0340652466;
323593.8125000000;-119.9911499023;
327340.5937500000;-119.9290390015;
331131.0937500000;-119.8862609863;
334965.5000000000;-119.8718795776;
338844.3125000000;-119.9349517822;
342767.6562500000;-120.0388870239;
346736.8125000000;-120.2127990723;
350751.9375000000;-120.4164810181;
354813.5312500000;-120.6264419556;
358921.7812500000;-120.8124542236;
363078.0000000000;-120.9344100952;
367282.3437500000;-121.0006179810;
371535.3750000000;-120.9785385132;
375837.2500000000;-120.8689727783;
380189.3437500000;-120.7169799805;
384591.8125000000;-120.5314178467;
389045.2812500000;-120.3496856689;
393549.8750000000;-120.1814956665;
398107.0937500000;-120.0095138550;
402717.0625000000;-119.8117446899;
407380.4062500000;-119.4952697754;
412097.3125000000;-119.0905838013;
416869.2812500000;-118.6334381104;
421696.5000000000;-118.1706390381;
426579.6250000000;-117.7927703857;
431519.3125000000;-117.5665893555;
436515.6875000000;-117.4973144531;
441570.4375000000;-117.5936660767;
446683.6875000000;-117.8503341675;
451856.1562500000;-118.2424163818;
457088.0312500000;-118.7134933472;
462380.9687500000;-119.1831817627;
467735.2187500000;-119.6471939087;
473151.4687500000;-120.1389846802;
478629.9062500000;-120.6850128174;
484172.3125000000;-121.2692489624;
489778.8750000000;-121.8303833008;
495450.3750000000;-122.3120727539;
501187.0000000000;-122.7240676880;
506990.6250000000;-123.1230621338;
512861.4375000000;-123.5278701782;
518800.2187500000;-123.8916091919;
524807.1875000000;-124.1571884155;
530884.3125000000;-124.3215103149;
537031.8125000000;-124.4016723633;
543250.5000000000;-124.4409637451;
549540.5625000000;-124.4839782715;
555904.1250000000;-124.5701217651;
562341.3125000000;-124.7138748169;
568853.0625000000;-124.9043731689;
575440.2500000000;-125.1236343384;
582103.0625000000;-125.3375473022;
588843.6250000000;-125.0860977173;
595662.2500000000;-123.1890487671;
602559.8750000000;-121.0059967041;
609536.6875000000;-119.0904159546;
616594.9375000000;-117.9075851440;
623734.9375000000;-117.6208572388;
630957.6250000000;-118.2648620605;
638263.2500000000;-120.7665328979;
645654.1250000000;-124.4310989380;
653130.6250000000;-126.2157745361;
660693.6875000000;-127.0503997803;
668343.6250000000;-127.4491500854;
676082.8750000000;-127.6669616699;
683911.6875000000;-127.7709503174;
691831.1875000000;-127.8560180664;
699841.6875000000;-127.8708190918;
707945.6250000000;-127.8481292725;
716143.4375000000;-127.1421966553;
724436.1875000000;-124.0802917480;
732824.1250000000;-120.6989212036;
741310.0625000000;-116.5816802979;
749894.1875000000;-114.6228790283;
758577.7500000000;-115.0850982666;
767361.8750000000;-117.6683883667;
776246.8750000000;-120.6642150879;
785235.6250000000;-125.4803543091;
794328.4375000000;-128.5950012207;
803526.5000000000;-128.9852142334;
812830.2500000000;-129.1964874268;
822242.5625000000;-129.3894805908;
831763.9375000000;-129.5636444092;
841395.5000000000;-129.6665954590;
851137.6875000000;-129.7985839844;
860993.6250000000;-129.9952392578;
870963.6875000000;-130.2019195557;
881049.2500000000;-130.3092041016;
891250.5625000000;-130.3010101318;
901571.0000000000;-130.3480377197;
912010.9375000000;-130.5102996826;
922571.7500000000;-130.7145843506;
933253.8750000000;-130.8355102539;
944060.6875000000;-130.8680419922;
954992.6250000000;-130.8696289063;
966051.1875000000;-130.9331970215;
977236.6875000000;-131.1235961914;
988552.8125000000;-131.3511810303;
1000000.0000000000;-131.5588836670;
