Window;1;Noise Spectrum;
Trace;1;
1.0000000000;-74.4996185303;
1.0115795135;-74.4693222046;
1.0232930183;-74.5130767822;
1.0351421833;-74.6267929077;
1.0471285582;-74.7405090332;
1.0592536926;-74.8542251587;
1.0715192556;-74.9679412842;
1.0839269161;-75.0948791504;
1.0964782238;-75.2618331909;
1.1091748476;-75.4287796021;
1.1220184565;-75.5957336426;
1.1350108385;-75.7626800537;
1.1481536627;-75.8982849121;
1.1614485979;-75.9547576904;
1.1748975515;-76.0112228394;
1.1885021925;-76.0676956177;
1.2022644281;-76.1241607666;
1.2161860466;-76.0554275513;
1.2302688360;-75.8987960815;
1.2445145845;-75.7421646118;
1.2589254379;-75.5855255127;
1.2735030651;-75.4099884033;
1.2882494926;-75.1103897095;
1.3031667471;-74.8107910156;
1.3182567358;-74.5111999512;
1.3335214853;-74.2116012573;
1.3489629030;-73.9037246704;
1.3645831347;-73.5948638916;
1.3803843260;-73.2860107422;
1.3963683844;-72.9771575928;
1.4125375748;-72.7519073486;
1.4288939238;-72.5409851074;
1.4454398155;-72.3300552368;
1.4621771574;-72.1191329956;
1.4791084528;-72.0781097412;
1.4962356091;-72.0383453369;
1.5135612488;-71.9985733032;
1.5310875177;-72.0240554810;
1.5488165617;-72.2047500610;
1.5667510033;-72.3854370117;
1.5848932266;-72.5661315918;
1.6032453775;-72.9335098267;
1.6218100786;-73.3630447388;
1.6405898333;-73.7925720215;
1.6595869064;-74.3021469116;
1.6788040400;-74.9646377563;
1.6982436180;-75.6271286011;
1.7179083824;-76.2963485718;
1.7378008366;-77.0615005493;
1.7579236031;-77.8266601563;
1.7782794237;-78.5918121338;
1.7988709211;-79.2228317261;
1.8197008371;-79.8400344849;
1.8407719135;-80.4572296143;
1.8620871305;-80.8886489868;
1.8836491108;-81.2894744873;
1.9054607153;-81.6902999878;
1.9275249243;-82.0456924438;
1.9498445988;-82.3968048096;
1.9724227190;-82.7462463379;
1.9952623844;-83.0720748901;
2.0183663368;-83.3979034424;
2.0417380333;-83.6907958984;
2.0653800964;-83.9097671509;
2.0892961025;-84.1287384033;
2.1134889126;-84.3528518677;
2.1379621029;-84.5799179077;
2.1627185345;-84.8194961548;
2.1877615452;-85.3413772583;
2.2130947113;-85.8632583618;
2.2387211323;-86.7306900024;
2.2646441460;-87.9112167358;
2.2908678055;-89.1296386719;
2.3173947334;-90.7973785400;
2.3442287445;-92.4651107788;
2.3713736534;-91.4060134888;
2.3988327980;-89.1664657593;
2.4266099930;-86.7951278687;
2.4547088146;-84.2101745605;
2.4831330776;-81.7429122925;
2.5118863583;-80.0971603394;
2.5409727097;-78.4513931274;
2.5703957081;-77.4361801147;
2.6001594067;-76.4711761475;
2.6302678585;-75.9331817627;
2.6607251167;-75.5146026611;
2.6915347576;-75.4220886230;
2.7227013111;-75.4771728516;
2.7542285919;-75.8149032593;
2.7861211300;-76.3085250854;
2.8183827400;-77.1045837402;
2.8510184288;-78.0651550293;
2.8840315342;-79.4483413696;
2.9174270630;-81.0163574219;
2.9512093067;-83.1557006836;
2.9853825569;-85.4499816895;
3.0199515820;-86.4802246094;
3.0549211502;-87.1234436035;
3.0902955532;-84.9847259521;
3.1260793209;-82.9357223511;
3.1622776985;-81.0969924927;
3.1988949776;-79.6238479614;
3.2359364033;-78.4568634033;
3.2734067440;-77.7309417725;
3.3113110065;-77.1646881104;
3.3496541977;-77.0096969604;
3.3884413242;-77.0757446289;
3.4276781082;-77.3783340454;
3.4673686028;-78.0543518066;
3.5075187683;-78.8931732178;
3.5481340885;-80.0131835938;
3.5892193317;-81.3207550049;
3.6307804585;-82.6810684204;
3.6728229523;-83.9009475708;
3.7153522968;-84.2190246582;
3.7583739758;-83.8081130981;
3.8018937111;-82.1625366211;
3.8459177017;-80.4842300415;
3.8904511929;-78.9569625854;
3.9355010986;-77.8694305420;
3.9810719490;-77.4224548340;
4.0271706581;-77.4506759644;
4.0738029480;-77.9807281494;
4.1209754944;-79.2471084595;
4.1686940193;-81.1178359985;
4.2169651985;-83.3910522461;
4.2657952309;-85.8542861938;
4.3151907921;-87.7129440308;
4.3651580811;-88.0758590698;
4.4157042503;-87.5782623291;
4.4668354988;-86.6188430786;
4.5185589790;-85.6168289185;
4.5708823204;-84.8545608521;
4.6238102913;-84.3358840942;
4.6773514748;-83.9163970947;
4.7315125465;-83.5332870483;
4.7863011360;-83.2309494019;
4.8417239189;-83.1759185791;
4.8977880478;-83.5761947632;
4.9545016289;-84.4785385132;
5.0118722916;-85.0468673706;
5.0699067116;-84.1809539795;
5.1286134720;-82.2874374390;
5.1880002022;-80.3185424805;
5.2480750084;-78.8693389893;
5.3088445663;-78.1437988281;
5.3703184128;-78.2407913208;
5.4325037003;-79.3063507080;
5.4954090118;-81.6290130615;
5.5590424538;-83.4186782837;
5.6234130859;-88.9342269897;
5.6885290146;-94.9755401611;
5.7543992996;-87.6461639404;
5.8210320473;-83.9059753418;
5.8884363174;-82.4095382690;
5.9566211700;-81.5828552246;
6.0255956650;-81.5569763184;
6.0953693390;-82.3746643066;
6.1659502983;-83.6969680786;
6.2373485565;-84.5060882568;
6.3095736504;-84.1930694580;
6.3826351166;-83.6513977051;
6.4565424919;-83.9522018433;
6.5313053131;-85.3041458130;
6.6069345474;-86.1907958984;
6.6834387779;-86.1336517334;
6.7608294487;-84.8676757813;
6.8391160965;-82.4083023071;
6.9183092117;-81.0994949341;
6.9984202385;-81.2678909302;
7.0794582367;-82.2361755371;
7.1614346504;-83.9734344482;
7.2443599701;-83.5988159180;
7.3282456398;-82.1641769409;
7.4131026268;-80.9191360474;
7.4989418983;-81.3158645630;
7.5857758522;-83.5737838745;
7.6736145020;-86.4780349731;
7.7624707222;-87.2847290039;
7.8523559570;-86.6060104370;
7.9432821274;-85.3549270630;
8.0352611542;-84.1665344238;
8.1283054352;-82.5025787354;
8.2224273682;-80.2735595703;
8.3176383972;-79.2208862305;
8.4139518738;-80.4983978271;
8.5113801956;-84.3217849731;
8.6099376678;-90.6105194092;
8.7096357346;-98.6786880493;
8.8104887009;-97.4902420044;
8.9125089645;-95.3913040161;
9.0157108307;-92.8548812866;
9.1201076508;-90.6770324707;
9.2257137299;-88.5651321411;
9.3325433731;-85.2246856689;
9.4406089783;-82.8735427856;
9.5499258041;-84.4859008789;
9.6605091095;-89.3802719116;
9.7723722458;-91.6748428345;
9.8855314255;-88.4767837524;
10.0000000000;-83.8144683838;
10.1157941818;-83.8970947266;
10.2329292297;-84.0158843994;
10.3514213562;-84.1321487427;
10.4712848663;-84.2167663574;
10.5925369263;-84.2640380859;
10.7151927948;-84.2975234985;
10.8392686844;-84.3617172241;
10.9647808075;-84.5039596558;
11.0917472839;-84.6779327393;
11.2201833725;-85.0222778320;
11.3501071930;-85.4652099609;
11.4815349579;-85.9574584961;
11.6144876480;-86.4247894287;
11.7489767075;-86.7853775024;
11.8850231171;-87.0001678467;
12.0226459503;-86.9455108643;
12.1618614197;-86.8423461914;
12.3026885986;-86.7617263794;
12.4451465607;-86.7128677368;
12.5892543793;-86.6613922119;
12.7350311279;-86.5521240234;
12.8824958801;-86.3470001221;
13.0316677094;-85.8893814087;
13.1825675964;-85.4417572021;
13.3352146149;-85.2498550415;
13.4896287918;-85.1897430420;
13.6458311081;-85.2716293335;
13.8038425446;-85.6308135986;
13.9636831284;-86.1307220459;
14.1253747940;-86.4649887085;
14.2889385223;-86.8499221802;
14.4543962479;-87.0789947510;
14.6217708588;-87.1005706787;
14.7910823822;-86.9963912964;
14.9623546600;-86.5802307129;
15.1356105804;-86.0107803345;
15.3108730316;-85.4320526123;
15.4881677628;-84.9317474365;
15.6675128937;-84.6296615601;
15.8489332199;-84.2166366577;
16.0324554443;-83.9134979248;
16.2181015015;-83.8768005371;
16.4058990479;-84.0980224609;
16.5958709717;-84.5360183716;
16.7880401611;-85.0296096802;
16.9824371338;-85.5552825928;
17.1790847778;-86.2378005981;
17.3780078888;-87.2191085815;
17.5792369843;-88.7359085083;
17.7827949524;-89.5091247559;
17.9887084961;-89.4529037476;
18.1970081329;-88.9531021118;
18.4077186584;-88.3139953613;
18.6208705902;-87.6034622192;
18.8364906311;-87.2305755615;
19.0546054840;-87.0191955566;
19.2752475739;-86.8807296753;
19.4984436035;-86.8304595947;
19.7242259979;-86.9831085205;
19.9526214600;-87.3831329346;
20.1836605072;-88.1387710571;
20.4173774719;-89.4037399292;
20.6538047791;-90.1955108643;
20.8929634094;-89.9985809326;
21.1348934174;-89.3916320801;
21.3796234131;-88.8724060059;
21.6271877289;-88.4686126709;
21.8776187897;-88.1813812256;
22.1309490204;-88.1357192993;
22.3872127533;-88.3427505493;
22.6464443207;-88.6220703125;
22.9086780548;-88.9074859619;
23.1739463806;-89.2618713379;
23.4422893524;-89.3740692139;
23.7137374878;-88.7481231689;
23.9883289337;-87.6362457275;
24.2660999298;-86.6416320801;
24.5470886230;-86.0199432373;
24.8313293457;-86.1813125610;
25.1188621521;-86.9675979614;
25.4097251892;-88.0976028442;
25.7039566040;-89.1165161133;
26.0015926361;-89.4615478516;
26.3026771545;-89.6972579956;
26.6072483063;-89.3733673096;
26.9153442383;-88.4860305786;
27.2270088196;-87.5839462280;
27.5422897339;-87.1786117554;
27.8612155914;-87.1317367554;
28.1838321686;-87.1861572266;
28.5101852417;-87.0266876221;
28.8403167725;-87.0392761230;
29.1742725372;-87.9509201050;
29.5120944977;-89.3853607178;
29.8538284302;-89.8647079468;
30.1995182037;-89.4675064087;
30.5492115021;-89.8393859863;
30.9029541016;-90.1762313843;
31.2607936859;-90.4666213989;
31.6227760315;-90.7068710327;
31.9889507294;-90.8669586182;
32.3593635559;-90.9043426514;
32.7340698242;-90.8441696167;
33.1131095886;-90.6870346069;
33.4965438843;-90.4311904907;
33.8844146729;-90.1563262939;
34.2767753601;-89.9122772217;
34.6736831665;-89.7290496826;
35.0751838684;-89.6399917603;
35.4813346863;-89.6514053345;
35.8921890259;-89.6889953613;
36.3078002930;-89.7068252563;
36.7282333374;-89.6681900024;
37.1535263062;-89.5568161011;
37.5837440491;-89.4057922363;
38.0189437866;-89.2928390503;
38.4591827393;-89.2536468506;
38.9045181274;-89.2941589355;
39.3550109863;-89.3955688477;
39.8107185364;-89.5241851807;
40.2717056274;-89.6492233276;
40.7380294800;-89.7617645264;
41.2097511292;-89.8795547485;
41.6869392395;-90.0325851440;
42.1696510315;-90.2357177734;
42.6579513550;-90.4885940552;
43.1519050598;-90.7908782959;
43.6515808105;-91.1462707520;
44.1570434570;-91.5506515503;
44.6683578491;-92.0434341431;
45.1855926514;-92.3810577393;
45.7088165283;-92.5589370728;
46.2380981445;-92.5603561401;
46.7735099792;-92.4479370117;
47.3151206970;-92.3085861206;
47.8630027771;-92.1929168701;
48.4172286987;-92.1041641235;
48.9778900146;-92.0314102173;
49.5450248718;-91.9870681763;
50.1187286377;-92.0637359619;
50.6990776062;-92.3015518188;
51.2861442566;-92.4881896973;
51.8800086975;-92.6245193481;
52.4807510376;-92.7192840576;
53.0884475708;-92.8375320435;
53.7031822205;-93.1704177856;
54.3250350952;-93.5779800415;
54.9540901184;-93.7315063477;
55.5904273987;-93.6886825562;
56.2341308594;-93.2482604980;
56.8852920532;-92.6401214600;
57.5439910889;-92.2848815918;
58.2103195190;-92.0511169434;
58.8843612671;-92.1177444458;
59.5662117004;-92.2573471069;
60.2559547424;-92.4234085083;
60.9536857605;-92.5534133911;
61.6594963074;-92.6433105469;
62.3734779358;-92.7114791870;
63.0957260132;-92.6716613770;
63.8263397217;-92.6353607178;
64.5654144287;-92.7214584351;
65.3130645752;-92.9397735596;
66.0693511963;-93.1746597290;
66.8343963623;-93.3226699829;
67.6083068848;-93.3756713867;
68.3911743164;-93.3143310547;
69.1831054688;-93.1397628784;
69.9842071533;-92.8782272339;
70.7945785522;-92.7011947632;
71.6143417358;-92.7466583252;
72.4435958862;-92.9945144653;
73.2824554443;-93.1971511841;
74.1310272217;-93.3735198975;
74.9894180298;-93.6410217285;
75.8577575684;-93.8691329956;
76.7361450195;-93.8243865967;
77.6247100830;-93.4500122070;
78.5235595703;-92.7119750977;
79.4328155518;-92.2291183472;
80.3526077271;-92.3023300171;
81.2830429077;-92.7694015503;
82.2242584229;-93.4017944336;
83.1763687134;-93.3622665405;
84.1395034790;-92.9153594971;
85.1137924194;-92.8344879150;
86.0993652344;-93.2802810669;
87.0963668823;-93.9702301025;
88.1048965454;-94.4334869385;
89.1251068115;-94.5547180176;
90.1571197510;-94.7412719727;
91.2010955811;-95.0126800537;
92.2571487427;-95.1720733643;
93.3254394531;-95.2937927246;
94.4060897827;-95.3814926147;
95.4992599487;-95.5139541626;
96.6050872803;-95.9546356201;
97.7237243652;-96.3104553223;
98.8553085327;-96.2040710449;
100.0000000000;-95.4543151855;
101.1579742432;-95.4075546265;
102.3292999268;-95.3627166748;
103.5142440796;-95.3197021484;
104.7128524780;-95.2991333008;
105.9253921509;-95.2889862061;
107.1519241333;-95.3170166016;
108.3927154541;-95.3693695068;
109.6478118896;-95.4510726929;
110.9175033569;-95.5735778809;
112.2018356323;-95.7064285278;
113.5010986328;-95.8456573486;
114.8153457642;-95.9458999634;
116.1448745728;-96.0140609741;
117.4897384644;-95.9980316162;
118.8502349854;-95.9356079102;
120.2264251709;-95.8430175781;
121.6186141968;-95.7376480103;
123.0268554688;-95.6630096436;
124.4514694214;-95.6235046387;
125.8925170898;-95.6483001709;
127.3503112793;-95.7419891357;
128.8249206543;-95.8638610840;
130.3166809082;-96.0014419556;
131.8256378174;-96.1111526489;
133.3521423340;-96.1889801025;
134.8963165283;-96.2498092651;
136.4583129883;-96.3038635254;
138.0384674072;-96.3642272949;
139.6368255615;-96.4216918945;
141.2537841797;-96.4778060913;
142.8893890381;-96.5448379517;
144.5440063477;-96.6447067261;
146.2176971436;-96.8201828003;
147.9108581543;-97.0526885986;
149.6235504150;-97.2971343994;
151.3561553955;-97.5121078491;
153.1087188721;-97.6650924683;
154.8816833496;-97.7417449951;
156.6750793457;-97.7444076538;
158.4893341064;-97.6725158691;
160.3245086670;-97.5510406494;
162.1810302734;-97.4056396484;
164.0589447021;-97.2569046021;
165.9586944580;-97.1089477539;
167.8803710938;-96.9527740479;
169.8243713379;-96.7834243774;
171.7908020020;-96.6170425415;
173.7800903320;-96.4940261841;
175.7923126221;-96.4671401978;
177.8279418945;-96.4966125488;
179.8871459961;-96.6962585449;
181.9700775146;-97.0017318726;
184.0772399902;-97.2999267578;
186.2087097168;-97.4608001709;
188.3649444580;-97.3728179932;
190.5460662842;-97.3396606445;
192.7525329590;-97.4077835083;
194.9844360352;-97.5165786743;
197.2423095703;-97.5660781860;
199.5262145996;-97.5250244141;
201.8366699219;-97.4604949951;
204.1737670898;-97.4691619873;
206.5380401611;-97.7083435059;
208.9295806885;-98.0081100464;
211.3489227295;-98.0603637695;
213.7961730957;-97.9992446899;
216.2718658447;-97.9743423462;
218.7761230469;-98.2761154175;
221.3094787598;-98.8223648071;
223.8720703125;-99.0958938599;
226.4644470215;-99.1616973877;
229.0867156982;-98.9586486816;
231.7394714355;-98.7067565918;
234.4228210449;-98.6215057373;
237.1373748779;-98.6212615967;
239.8833618164;-98.6002426147;
242.6610107422;-98.5229797363;
245.4709472656;-98.5079421997;
248.3132934570;-98.7618179321;
251.1887054443;-99.2679367065;
254.0972595215;-99.6615295410;
257.0396423340;-99.3755416870;
260.0159301758;-98.6431579590;
263.0268554688;-98.1812973022;
266.0724792480;-98.3641891479;
269.1535339355;-99.0884246826;
272.2700805664;-99.7243652344;
275.4229125977;-99.8944473267;
278.6120605469;-99.8063507080;
281.8383178711;-99.4927978516;
285.1017761230;-99.0690994263;
288.4031677246;-98.8222045898;
291.7426452637;-99.1587066650;
295.1209411621;-99.6710281372;
298.5382080078;-99.8438949585;
301.9951782227;-99.7576828003;
305.4920349121;-99.8645858765;
309.0295410156;-99.9784469604;
312.6078491211;-100.0906906128;
316.2277526855;-100.1957092285;
319.8895874023;-100.2910461426;
323.5936584473;-100.3651351929;
327.3407592773;-100.4130477905;
331.1311035156;-100.4330749512;
334.9655151367;-100.4128875732;
338.8441467285;-100.3749160767;
342.7678527832;-100.3072891235;
346.7368164063;-100.2407226563;
350.7519226074;-100.1848831177;
354.8133544922;-100.1573486328;
358.9219970703;-100.1547393799;
363.0780029297;-100.2124710083;
367.2823486328;-100.2936019897;
371.5351867676;-100.4187011719;
375.8374328613;-100.5638122559;
380.1893310547;-100.7182464600;
384.5918273926;-100.8633575439;
389.0450744629;-100.9805526733;
393.5501098633;-101.0724411011;
398.1070861816;-101.1002349854;
402.7170410156;-101.1024322510;
407.3801879883;-101.0854644775;
412.0975341797;-101.0753250122;
416.8692626953;-101.1042785645;
421.6965026855;-101.1701583862;
426.5796203613;-101.2869949341;
431.5190734863;-101.4262924194;
436.5159301758;-101.5565261841;
441.5704345703;-101.6694793701;
446.6836853027;-101.7568817139;
451.8559265137;-101.8383331299;
457.0882873535;-101.9079895020;
462.3809814453;-101.9542846680;
467.7352294922;-101.9554824829;
473.1512145996;-101.9050216675;
478.6301574707;-101.8484573364;
484.1723022461;-101.8059158325;
489.7788696289;-101.7953796387;
495.4501037598;-101.8319396973;
501.1872863770;-101.9436264038;
506.9906311035;-102.1218185425;
512.8614501953;-102.3081207275;
518.7999267578;-102.3820724487;
524.8074951172;-102.0992813110;
530.8843383789;-101.1650390625;
537.0317993164;-99.4955291748;
543.2501831055;-97.5496902466;
549.5408935547;-96.0033874512;
555.9041137695;-95.2823715210;
562.3413085938;-95.5252227783;
568.8530883789;-96.6730041504;
575.4399414063;-98.4887390137;
582.1033325195;-100.3936996460;
588.8436279297;-101.7311859131;
595.6622924805;-102.5026473999;
602.5595703125;-102.7555618286;
609.5369873047;-102.8433074951;
616.5949707031;-102.8401641846;
623.7349243164;-102.8597259521;
630.9572753906;-102.9959335327;
638.2636108398;-103.2515640259;
645.6541137695;-103.5175781250;
653.1306152344;-103.6404342651;
660.6933593750;-103.5525360107;
668.3439941406;-103.1621856689;
676.0828857422;-102.7588806152;
683.9116821289;-102.6228942871;
691.8308105469;-102.6707305908;
699.8420410156;-102.8906478882;
707.9456176758;-103.1960067749;
716.1434326172;-103.5887680054;
724.4357910156;-103.8132171631;
732.8245239258;-103.8343505859;
741.3100585938;-103.7756958008;
749.8942260742;-103.6125869751;
758.5777587891;-103.4238433838;
767.3614501953;-103.3114471436;
776.2473144531;-103.2368927002;
785.2355957031;-103.2532730103;
794.3284301758;-103.3480148315;
803.5260620117;-103.3969802856;
812.8306884766;-102.5581893921;
822.2425537109;-101.3351058960;
831.7639160156;-100.0348358154;
841.3950195313;-100.1314849854;
851.1381835938;-101.8093338013;
860.9936523438;-103.7925262451;
870.9636840820;-104.3387451172;
881.0487670898;-104.0663833618;
891.2510375977;-103.7129898071;
901.5709838867;-103.6978530884;
912.0109252930;-104.1166381836;
922.5712280273;-104.5280151367;
933.2543334961;-104.6867752075;
944.0606689453;-104.8694152832;
954.9926147461;-104.9152526855;
966.0506591797;-104.6367874146;
977.2372436523;-104.2380752563;
988.5528564453;-103.8928680420;
1000.0000000000;-103.5715103149;
1011.5797119141;-103.4467926025;
1023.2929687500;-103.3413085938;
1035.1424560547;-103.2539749146;
1047.1285400391;-103.1472320557;
1059.2539062500;-103.0298767090;
1071.5192871094;-102.8662796021;
1083.9271240234;-102.7189941406;
1096.4781494141;-102.5914306641;
1109.1750488281;-102.6078872681;
1122.0183105469;-102.7105789185;
1135.0109863281;-102.9969482422;
1148.1534423828;-103.3971405029;
1161.4487304688;-103.8494873047;
1174.8973388672;-104.2772140503;
1188.5023193359;-104.5760040283;
1202.2642822266;-104.7712020874;
1216.1861572266;-104.8073272705;
1230.2685546875;-104.8242187500;
1244.5146484375;-104.8500900269;
1258.9251708984;-104.9326171875;
1273.5031738281;-105.0732498169;
1288.2492675781;-105.2271270752;
1303.1667480469;-105.3784790039;
1318.2563476563;-105.4754791260;
1333.5214843750;-105.5193939209;
1348.9632568359;-105.5258255005;
1364.5831298828;-105.5066070557;
1380.3846435547;-105.4919891357;
1396.3682861328;-105.5144119263;
1412.5378417969;-105.5769042969;
1428.8939208984;-105.6759643555;
1445.4400634766;-105.7987213135;
1462.1770019531;-105.9115829468;
1479.1086425781;-105.9862594604;
1496.2354736328;-106.0229797363;
1513.5615234375;-106.0290527344;
1531.0872802734;-106.0058135986;
1548.8167724609;-105.9265975952;
1566.7508544922;-105.7030563354;
1584.8933105469;-105.1380004883;
1603.2451171875;-104.2757873535;
1621.8101806641;-103.3573226929;
1640.5894775391;-102.6632461548;
1659.5870361328;-102.4035034180;
1678.8035888672;-102.6726837158;
1698.2437744141;-103.4324645996;
1717.9079589844;-104.4926300049;
1737.8009033203;-105.5374374390;
1757.9230957031;-106.2819900513;
1778.2794189453;-106.5812301636;
1798.8713378906;-106.7697677612;
1819.7008056641;-106.7924957275;
1840.7724609375;-106.7318191528;
1862.0870361328;-106.5538406372;
1883.6495361328;-106.2579269409;
1905.4605712891;-105.9707641602;
1927.5252685547;-105.7349853516;
1949.8444824219;-105.6985473633;
1972.4230957031;-105.9179458618;
1995.2620849609;-106.2982101440;
2018.3666992188;-106.6416168213;
2041.7376708984;-106.8078994751;
2065.3803710938;-106.6996078491;
2089.2958984375;-104.3997726440;
2113.4892578125;-98.8416290283;
2137.9616699219;-92.9042053223;
2162.7187500000;-88.1022033691;
2187.7612304688;-83.2322998047;
2213.0949707031;-80.9839401245;
2238.7207031250;-80.8348922729;
2264.6442871094;-81.7609024048;
2290.8671875000;-85.0927505493;
2317.3947753906;-91.3877182007;
2344.2282714844;-97.0539932251;
2371.3737792969;-104.7283782959;
2398.8334960938;-107.1970825195;
2426.6101074219;-105.8801727295;
2454.7094726563;-102.4635391235;
2483.1330566406;-99.8756484985;
2511.8869628906;-99.1786346436;
2540.9726562500;-100.3315658569;
2570.3962402344;-103.2664718628;
2600.1594238281;-106.7823638916;
2630.2685546875;-108.0967178345;
2660.7248535156;-108.0129089355;
2691.5351562500;-105.6525497437;
2722.7009277344;-101.9223861694;
2754.2290039063;-98.7579803467;
2786.1208496094;-97.4924621582;
2818.3833007813;-98.5223770142;
2851.0178222656;-101.4847030640;
2884.0317382813;-105.3153152466;
2917.4265136719;-108.2248153687;
2951.2094726563;-108.4642486572;
2985.3820800781;-108.4886779785;
3019.9519042969;-106.6664886475;
3054.9204101563;-107.5442504883;
3090.2954101563;-107.9944076538;
3126.0786132813;-108.3815917969;
3162.2775878906;-108.4837722778;
3198.8959960938;-108.5573806763;
3235.9365234375;-108.5682449341;
3273.4077148438;-108.5825042725;
3311.3110351563;-108.6003646851;
3349.6550292969;-108.6335220337;
3388.4414062500;-108.6734466553;
3427.6784667969;-108.7283859253;
3467.3681640625;-108.7836914063;
3507.5192871094;-108.8367996216;
3548.1335449219;-108.8773727417;
3589.2199707031;-108.9069061279;
3630.7800292969;-108.9151611328;
3672.8234863281;-108.9202270508;
3715.3518066406;-108.9246673584;
3758.3745117188;-108.9447326660;
3801.8933105469;-108.9755554199;
3845.9182128906;-109.0321960449;
3890.4506835938;-109.0970458984;
3935.5009765625;-109.1682205200;
3981.0708007813;-109.2355422974;
4027.1704101563;-109.2927932739;
4073.8017578125;-109.3388824463;
4120.9750976563;-109.3558807373;
4168.6928710938;-109.3302993774;
4216.9648437500;-109.2582397461;
4265.7963867188;-109.1123428345;
4315.1904296875;-108.9050674438;
4365.1591796875;-108.7121353149;
4415.7041015625;-108.5695037842;
4466.8369140625;-108.5743255615;
4518.5590820313;-108.7420959473;
4570.8828125000;-108.9938125610;
4623.8095703125;-109.2789688110;
4677.3520507813;-109.5231933594;
4731.5122070313;-109.6528778076;
4786.3017578125;-109.7175903320;
4841.7231445313;-109.7436599731;
4897.7890625000;-109.7567291260;
4954.5009765625;-109.7782287598;
5011.8730468750;-109.8258132935;
5069.9062500000;-109.8882446289;
5128.6142578125;-109.9392852783;
5187.9995117188;-109.9625701904;
5248.0747070313;-109.9594573975;
5308.8432617188;-109.9482574463;
5370.3183593750;-109.9516067505;
5432.5019531250;-109.9783248901;
5495.4086914063;-110.0187911987;
5559.0410156250;-110.0571746826;
5623.4130859375;-110.0850906372;
5688.5307617188;-110.1053543091;
5754.3994140625;-110.1249771118;
5821.0336914063;-110.1458053589;
5888.4365234375;-110.1585311890;
5956.6225585938;-110.1514434814;
6025.5957031250;-110.1365280151;
6095.3701171875;-110.1493453979;
6165.9497070313;-110.2085418701;
6237.3496093750;-110.2954559326;
6309.5727539063;-110.3705749512;
6382.6357421875;-110.4021987915;
6456.5415039063;-110.3800735474;
6531.3061523438;-110.3227920532;
6606.9335937500;-110.2746505737;
6683.4399414063;-110.3056488037;
6760.8286132813;-110.4318389893;
6839.1171875000;-110.5339736938;
6918.3081054688;-110.6076354980;
6998.4204101563;-110.6297607422;
7079.4560546875;-110.6145935059;
7161.4345703125;-110.6274185181;
7244.3579101563;-110.6937408447;
7328.2456054688;-110.6937789917;
7413.1005859375;-110.6206665039;
7498.9418945313;-110.5010910034;
7585.7778320313;-110.5215606689;
7673.6147460938;-110.6245422363;
7762.4731445313;-110.7856216431;
7852.3559570313;-110.9071655273;
7943.2841796875;-110.9611892700;
8035.2607421875;-110.9813613892;
8128.3066406250;-110.9250106812;
8222.4257812500;-110.8703384399;
8317.6396484375;-110.8488311768;
8413.9501953125;-110.8619461060;
8511.3818359375;-110.8591003418;
8609.9365234375;-110.9052429199;
8709.6367187500;-111.0367889404;
8810.4873046875;-111.1248550415;
8912.5107421875;-111.0728073120;
9015.7099609375;-110.9694519043;
9120.1093750000;-110.9376602173;
9225.7128906250;-110.9667282104;
9332.5439453125;-110.6527175903;
9440.6064453125;-108.8450393677;
9549.9267578125;-107.3576202393;
9660.5068359375;-107.2853240967;
9772.3720703125;-108.5334243774;
9885.5283203125;-110.1075363159;
10000.0000000000;-109.9386444092;
10115.7968750000;-110.1996917725;
10232.9355468750;-110.4305801392;
10351.4189453125;-110.6329498291;
10471.2851562500;-110.7627105713;
10592.5400390625;-110.8679962158;
10715.1982421875;-110.9264755249;
10839.2656250000;-110.9798049927;
10964.7812500000;-111.0269393921;
11091.7500000000;-111.0736312866;
11220.1894531250;-111.1189422607;
11350.1035156250;-111.1600418091;
11481.5351562500;-111.1948623657;
11614.4873046875;-111.2252883911;
11748.9804687500;-111.2471466064;
11885.0166015625;-111.2628326416;
12022.6425781250;-111.2734527588;
12161.8613281250;-111.2757720947;
12302.6923828125;-111.2728118896;
12445.1396484375;-111.2660903931;
12589.2509765625;-111.2554855347;
12735.0312500000;-111.2415237427;
12882.4990234375;-111.2249221802;
13031.6611328125;-111.2056961060;
13182.5634765625;-111.1848526001;
13335.2138671875;-111.1689682007;
13489.6328125000;-111.1610641479;
13645.8388671875;-111.1637115479;
13803.8388671875;-111.1798019409;
13963.6826171875;-111.2015914917;
14125.3789062500;-111.2265777588;
14288.9462890625;-111.2554397583;
14454.3925781250;-111.2905197144;
14621.7705078125;-111.3345108032;
14791.0869140625;-111.3749084473;
14962.3632812500;-111.3973388672;
15135.6064453125;-111.3926696777;
15310.8730468750;-111.3597106934;
15488.1679687500;-111.3074340820;
15667.5166015625;-111.2516860962;
15848.9248046875;-111.2051773071;
16032.4511718750;-111.1637496948;
16218.1025390625;-111.1187515259;
16405.9042968750;-111.0678710938;
16595.8613281250;-111.0195083618;
16788.0371093750;-110.9881973267;
16982.4375000000;-110.9832687378;
17179.0898437500;-110.9995346069;
17378.0000000000;-111.0177230835;
17579.2324218750;-111.0141448975;
17782.7949218750;-110.9996337891;
17988.7148437500;-110.9319381714;
18197.0175781250;-110.8292846680;
18407.7148437500;-110.7067642212;
18620.8710937500;-110.4937973022;
18836.4941406250;-110.2662582397;
19054.6171875000;-110.1569519043;
19275.2421875000;-110.1218795776;
19498.4433593750;-110.0942230225;
19724.2304687500;-109.7875518799;
19952.6328125000;-108.7382125854;
20183.6562500000;-106.8986816406;
20417.3769531250;-104.8900833130;
20653.8046875000;-102.8949584961;
20892.9687500000;-102.5166931152;
21134.8808593750;-103.3513946533;
21379.6171875000;-104.8729095459;
21627.1875000000;-106.7305297852;
21877.6230468750;-108.7323532104;
22130.9355468750;-109.5005035400;
22387.2070312500;-109.6196289063;
22646.4433593750;-109.7298736572;
22908.6835937500;-109.9471435547;
23173.9335937500;-110.1792449951;
23442.2812500000;-110.3086090088;
23713.7363281250;-110.4234313965;
23988.3359375000;-110.4687347412;
24266.1132812500;-110.4941940308;
24547.0820312500;-110.5957565308;
24831.3300781250;-110.7516937256;
25118.8691406250;-110.8867492676;
25409.7402343750;-110.9560012817;
25703.9492187500;-110.9768905640;
26001.5937500000;-110.9900207520;
26302.6835937500;-110.9269027710;
26607.2617187500;-110.7289352417;
26915.3378906250;-110.4579315186;
27227.0097656250;-110.3403701782;
27542.2910156250;-110.5195312500;
27861.2226562500;-110.8045196533;
28183.8164062500;-110.9822998047;
28510.1777343750;-111.0205307007;
28840.3183593750;-111.0030441284;
29174.2812500000;-111.1020965576;
29512.0781250000;-111.2393875122;
29853.8203125000;-111.2977447510;
30199.5175781250;-111.2181701660;
30549.2207031250;-111.3028259277;
30902.9375000000;-111.3714599609;
31260.7851562500;-111.4334564209;
31622.7773437500;-111.4653701782;
31988.9589843750;-111.4911727905;
32359.3828125000;-111.5035705566;
32734.0585937500;-111.5252380371;
33113.1093750000;-111.5567855835;
33496.5507812500;-111.6161804199;
33884.4335937500;-111.6878890991;
34276.7656250000;-111.7865676880;
34673.6835937500;-111.8875274658;
35075.1953125000;-111.9902954102;
35481.3554687500;-112.0857162476;
35892.1796875000;-112.1746673584;
36307.8007812500;-112.2539596558;
36728.2343750000;-112.3310623169;
37153.5390625000;-112.4056930542;
37583.7226562500;-112.4733047485;
38018.9335937500;-112.5339736938;
38459.1796875000;-112.5627593994;
38904.5273437500;-112.5579528809;
39354.9882812500;-112.5229339600;
39810.7070312500;-112.4155654907;
40271.7070312500;-112.2605361938;
40738.0390625000;-112.0618591309;
41209.7304687500;-111.8060531616;
41686.9257812500;-111.5674514771;
42169.6484375000;-111.3764572144;
42657.9648437500;-111.2998657227;
43151.9296875000;-111.4165191650;
43651.5703125000;-111.6467056274;
44157.0429687500;-111.9631042480;
44668.3671875000;-112.2896804810;
45185.6171875000;-112.5278091431;
45708.8046875000;-112.6989746094;
46238.0976562500;-112.8195648193;
46773.5234375000;-112.9207305908;
47315.1484375000;-113.0131607056;
47862.9921875000;-113.0820083618;
48417.2304687500;-113.1250152588;
48977.8867187500;-113.1497802734;
49545.0390625000;-113.1752090454;
50118.7031250000;-113.2263946533;
50699.0625000000;-113.2997589111;
51286.1445312500;-113.3717956543;
51880.0234375000;-113.4201583862;
52480.7187500000;-113.4347457886;
53088.4335937500;-113.4283370972;
53703.1835937500;-113.4366378784;
54325.0507812500;-113.4983749390;
54954.0585937500;-113.6215744019;
55590.4101562500;-113.7643127441;
56234.1328125000;-113.8591918945;
56885.3085937500;-113.8776473999;
57544.0234375000;-113.8367843628;
58210.3046875000;-113.7744903564;
58884.3632812500;-113.7177124023;
59566.2265625000;-113.6528930664;
60255.9882812500;-113.5639495850;
60953.6679687500;-113.4351730347;
61659.4960937500;-113.3278121948;
62373.4960937500;-113.3337783813;
63095.7617187500;-113.4889221191;
63826.3242187500;-113.7283401489;
64565.4140625000;-113.9365081787;
65313.0625000000;-114.0531234741;
66069.3671875000;-114.1088790894;
66834.3593750000;-114.1797409058;
67608.2890625000;-114.2420425415;
68391.1718750000;-114.2662582397;
69183.1250000000;-114.2929382324;
69984.1640625000;-114.3337326050;
70794.5625000000;-114.3834915161;
71614.3437500000;-114.4409637451;
72443.6171875000;-114.4593734741;
73282.4140625000;-114.4602813721;
74131.0078125000;-114.4858551025;
74989.4218750000;-114.5917587280;
75857.7812500000;-114.7008361816;
76736.1875000000;-114.7279510498;
77624.6875000000;-114.7158508301;
78523.5625000000;-114.7165679932;
79432.8437500000;-114.7424316406;
80352.6484375000;-114.7724685669;
81283.0234375000;-114.7769393921;
82224.2578125000;-114.7817306519;
83176.3906250000;-114.8106842041;
84139.5546875000;-114.8373260498;
85113.7734375000;-114.8283767700;
86099.3671875000;-114.8375930786;
87096.3671875000;-114.9265518188;
88104.9218750000;-115.0409164429;
89125.0546875000;-115.0942459106;
90157.1015625000;-115.0743484497;
91201.0937500000;-115.0075454712;
92257.1718750000;-114.8717803955;
93325.3828125000;-114.7141036987;
94406.0703125000;-114.7691268921;
95499.2656250000;-114.9107437134;
96605.1171875000;-114.9507064819;
97723.6718750000;-114.9273834229;
98855.2812500000;-114.9550399780;
100000.0000000000;-115.0080261230;
101157.9687500000;-115.1102447510;
102329.3515625000;-115.2121658325;
103514.1875000000;-115.3138122559;
104712.8515625000;-115.4010314941;
105925.3984375000;-115.4825439453;
107151.9843750000;-115.5478363037;
108392.6562500000;-115.6094131470;
109647.8125000000;-115.6665115356;
110917.5000000000;-115.7210006714;
112201.8984375000;-115.7731628418;
113501.0390625000;-115.8195648193;
114815.3437500000;-115.8564682007;
116144.8750000000;-115.8861465454;
117489.8046875000;-115.8991928101;
118850.1718750000;-115.8938598633;
120226.4218750000;-115.8709259033;
121618.6093750000;-115.8076095581;
123026.9218750000;-115.7118072510;
124451.3984375000;-115.5996704102;
125892.5156250000;-115.4846725464;
127350.3125000000;-115.4294586182;
128824.9921875000;-115.4408569336;
130316.6093750000;-115.5288696289;
131825.6406250000;-115.7132949829;
133352.1406250000;-115.9107589722;
134896.3281250000;-116.0853347778;
136458.3906250000;-116.2096405029;
138038.3906250000;-116.2520370483;
139636.8281250000;-116.2537841797;
141253.7812500000;-116.2426757813;
142889.4687500000;-116.2334823608;
144543.9218750000;-116.2367630005;
146217.7031250000;-116.2601394653;
147910.8593750000;-116.3019943237;
149623.6250000000;-116.3604507446;
151356.0625000000;-116.4331359863;
153108.7187500000;-116.5159988403;
154881.6875000000;-116.6042404175;
156675.1718750000;-116.6955184937;
158489.2500000000;-116.7989730835;
160324.5156250000;-116.9275894165;
162181.0312500000;-117.0837631226;
164059.0312500000;-117.2510910034;
165958.6093750000;-117.3987655640;
167880.3593750000;-117.4978866577;
169824.3750000000;-117.5380096436;
171790.8906250000;-117.5315246582;
173779.9843750000;-117.5051269531;
175792.3125000000;-117.4884262085;
177827.9375000000;-117.4879074097;
179887.1406250000;-117.5308837891;
181970.1875000000;-117.6144638062;
184077.1406250000;-117.7154159546;
186208.7031250000;-117.8306579590;
188364.9531250000;-117.8814697266;
190546.1562500000;-117.8904571533;
192752.4218750000;-117.9083328247;
194984.4375000000;-117.9524688721;
197242.3125000000;-118.0256271362;
199526.3125000000;-118.1153182983;
201836.5625000000;-118.2060317993;
204173.7656250000;-118.2947692871;
206538.0468750000;-118.4448623657;
208929.7031250000;-118.6081390381;
211348.8125000000;-118.6944122314;
213796.1718750000;-118.7461090088;
216271.8750000000;-118.7734832764;
218776.2343750000;-118.8225708008;
221309.3593750000;-118.9110641479;
223872.0625000000;-118.9888992310;
226464.4375000000;-119.0641326904;
229086.8281250000;-119.1517410278;
231739.3437500000;-119.2288970947;
234422.8125000000;-119.2912750244;
237137.3750000000;-119.3906097412;
239883.3593750000;-119.4733428955;
242661.1406250000;-119.5213546753;
245470.8125000000;-119.5758819580;
248313.2968750000;-119.5663375854;
251188.7031250000;-119.4605865479;
254097.3906250000;-119.3485870361;
257039.4843750000;-119.3499755859;
260015.9375000000;-119.4884262085;
263026.8437500000;-119.7298126221;
266072.6250000000;-119.9834594727;
269153.3750000000;-120.2136993408;
272270.0937500000;-120.3589401245;
275422.9062500000;-120.3010482788;
278612.2187500000;-120.1793975830;
281838.1562500000;-120.2274932861;
285101.7812500000;-120.4274444580;
288403.1875000000;-120.5710525513;
291742.8125000000;-120.5532836914;
295120.7812500000;-120.5202789307;
298538.1875000000;-120.6005172729;
301995.1875000000;-120.5975341797;
305492.2187500000;-120.6095199585;
309029.3750000000;-120.5568695068;
312607.8437500000;-120.4690551758;
316227.7812500000;-120.3213424683;
319889.5937500000;-120.1324234009;
323593.8125000000;-119.9253463745;
327340.5937500000;-119.7498474121;
331131.0937500000;-119.6261520386;
334965.5000000000;-119.5785293579;
338844.3125000000;-119.6739654541;
342767.6562500000;-119.8425369263;
346736.8125000000;-120.1331863403;
350751.9375000000;-120.4905853271;
354813.5312500000;-120.8756256104;
358921.7812500000;-121.2616882324;
363078.0000000000;-121.5922927856;
367282.3437500000;-121.8707580566;
371535.3750000000;-122.0613937378;
375837.2500000000;-122.1575012207;
380189.3437500000;-122.1998825073;
384591.8125000000;-122.1937561035;
389045.2812500000;-122.1502075195;
393549.8750000000;-122.0890502930;
398107.0937500000;-121.9991149902;
402717.0625000000;-121.8646545410;
407380.4062500000;-121.6280822754;
412097.3125000000;-121.3293762207;
416869.2812500000;-120.9927978516;
421696.5000000000;-120.6476364136;
426579.6250000000;-120.3407440186;
431519.3125000000;-120.1085357666;
436515.6875000000;-119.9653778076;
441570.4375000000;-119.9287033081;
446683.6875000000;-120.0071945190;
451856.1562500000;-120.1928253174;
457088.0312500000;-120.4529876709;
462380.9687500000;-120.7434082031;
467735.2187500000;-121.0816421509;
473151.4687500000;-121.5054931641;
478629.9062500000;-122.0305938721;
484172.3125000000;-122.6197280884;
489778.8750000000;-123.1844635010;
495450.3750000000;-123.6370468140;
501187.0000000000;-123.9583663940;
506990.6250000000;-124.1959152222;
512861.4375000000;-124.3957366943;
518800.2187500000;-124.5761032104;
524807.1875000000;-124.7535705566;
530884.3125000000;-124.9526672363;
537031.8125000000;-125.1671981812;
543250.5000000000;-125.3823928833;
549540.5625000000;-125.5832824707;
555904.1250000000;-125.7644805908;
562341.3125000000;-125.9173889160;
568853.0625000000;-126.0295867920;
575440.2500000000;-126.0971221924;
582103.0625000000;-126.0883178711;
588843.6250000000;-124.9355621338;
595662.2500000000;-121.5607833862;
602559.8750000000;-118.6493148804;
609536.6875000000;-116.3777542114;
616594.9375000000;-115.0403976440;
623734.9375000000;-114.7084197998;
630957.6250000000;-115.3931579590;
638263.2500000000;-118.1910247803;
645654.1250000000;-122.8622817993;
653130.6250000000;-125.6635818481;
660693.6875000000;-127.0996780396;
668343.6250000000;-127.5939254761;
676082.8750000000;-127.7581787109;
683911.6875000000;-127.8245544434;
691831.1875000000;-127.8649902344;
699841.6875000000;-127.8498687744;
707945.6250000000;-127.8108139038;
716143.4375000000;-127.2421569824;
724436.1875000000;-124.5903396606;
732824.1250000000;-121.3701324463;
741310.0625000000;-117.2578277588;
749894.1875000000;-115.2535018921;
758577.7500000000;-115.6634826660;
767361.8750000000;-118.1855087280;
776246.8750000000;-121.1201553345;
785235.6250000000;-125.7583312988;
794328.4375000000;-128.6507263184;
803526.5000000000;-129.0012817383;
812830.2500000000;-129.0544586182;
822242.5625000000;-129.0450286865;
831763.9375000000;-129.3010101318;
841395.5000000000;-129.6293029785;
851137.6875000000;-129.8185882568;
860993.6250000000;-129.9300842285;
870963.6875000000;-130.0838317871;
881049.2500000000;-130.3397369385;
891250.5625000000;-130.4598541260;
901571.0000000000;-130.4782104492;
912010.9375000000;-130.5365142822;
922571.7500000000;-130.6451416016;
933253.8750000000;-130.7117309570;
944060.6875000000;-130.8021087646;
954992.6250000000;-130.9266204834;
966051.1875000000;-131.0167083740;
977236.6875000000;-131.1554260254;
988552.8125000000;-131.2921600342;
1000000.0000000000;-131.3660736084;
