Window;1;Noise Spectrum;
Trace;1;
1.0000000000;-99.8062591553;
1.0115795135;-99.7390747070;
1.0232930183;-99.6782379150;
1.0351421833;-99.6234054565;
1.0471285582;-99.5685653687;
1.0592536926;-99.5137329102;
1.0715192556;-99.4588928223;
1.0839269161;-99.4291381836;
1.0964782238;-99.4752731323;
1.1091748476;-99.5214004517;
1.1220184565;-99.5675354004;
1.1350108385;-99.6136627197;
1.1481536627;-99.6827850342;
1.1614485979;-99.8099136353;
1.1748975515;-99.9370498657;
1.1885021925;-100.0641784668;
1.2022644281;-100.1913146973;
1.2161860466;-100.2932891846;
1.2302688360;-100.3776016235;
1.2445145845;-100.4619064331;
1.2589254379;-100.5462188721;
1.2735030651;-100.6167984009;
1.2882494926;-100.5972671509;
1.3031667471;-100.5777282715;
1.3182567358;-100.5581970215;
1.3335214853;-100.5386657715;
1.3489629030;-100.5012588501;
1.3645831347;-100.4617462158;
1.3803843260;-100.4222259521;
1.3963683844;-100.3827056885;
1.4125375748;-100.3168487549;
1.4288939238;-100.2464752197;
1.4454398155;-100.1761016846;
1.4621771574;-100.1057281494;
1.4791084528;-99.8106002808;
1.4962356091;-99.5138092041;
1.5135612488;-99.2170104980;
1.5310875177;-98.8612060547;
1.5488165617;-98.3650436401;
1.5667510033;-97.8688735962;
1.5848932266;-97.3727111816;
1.6032453775;-96.9431686401;
1.6218100786;-96.5358123779;
1.6405898333;-96.1284484863;
1.6595869064;-95.8182754517;
1.6788040400;-95.6937866211;
1.6982436180;-95.5692901611;
1.7179083824;-95.4698410034;
1.7378008366;-95.7276458740;
1.7579236031;-95.9854583740;
1.7782794237;-96.2432708740;
1.7988709211;-96.9298782349;
1.8197008371;-97.6606445313;
1.8407719135;-98.3914031982;
1.8620871305;-99.5952835083;
1.8836491108;-100.8770523071;
1.9054607153;-102.1588134766;
1.9275249243;-103.4393539429;
1.9498445988;-104.7197723389;
1.9724227190;-105.8919372559;
1.9952623844;-105.5297775269;
2.0183663368;-105.1676177979;
2.0417380333;-104.7028808594;
2.0653800964;-104.0079650879;
2.0892961025;-103.3130493164;
2.1134889126;-102.9476852417;
2.1379621029;-102.7713928223;
2.1627185345;-102.6164245605;
2.1877615452;-102.9425582886;
2.2130947113;-103.2686920166;
2.2387211323;-103.7935867310;
2.2646441460;-104.4985885620;
2.2908678055;-105.1808624268;
2.3173947334;-105.5934677124;
2.3442287445;-106.0060729980;
2.3713736534;-105.5268173218;
2.3988327980;-104.6614837646;
2.4266099930;-103.6488418579;
2.4547088146;-102.3974151611;
2.4831330776;-101.1925888062;
2.5118863583;-100.3129959106;
2.5409727097;-99.4334030151;
2.5703957081;-99.0040054321;
2.6001594067;-98.6104583740;
2.6302678585;-98.6095352173;
2.6607251167;-98.7184143066;
2.6915347576;-99.1970977783;
2.7227013111;-99.8431930542;
2.7542285919;-100.8671340942;
2.7861211300;-102.0994796753;
2.8183827400;-103.6862869263;
2.8510184288;-105.4659194946;
2.8840315342;-107.2124862671;
2.9174270630;-108.9446182251;
2.9512093067;-109.7279891968;
2.9853825569;-110.2540664673;
3.0199515820;-110.0882186890;
3.0549211502;-109.8421249390;
3.0902955532;-109.4041595459;
3.1260793209;-108.7797393799;
3.1622776985;-107.7182006836;
3.1988949776;-106.3663482666;
3.2359364033;-104.7713775635;
3.2734067440;-103.2668151855;
3.3113110065;-101.8437347412;
3.3496541977;-100.8105621338;
3.3884413242;-100.0150146484;
3.4276781082;-99.4737625122;
3.4673686028;-99.2202835083;
3.5075187683;-99.0206146240;
3.5481340885;-98.8396453857;
3.5892193317;-98.5418090820;
3.6307804585;-98.1978225708;
3.6728229523;-97.8732528687;
3.7153522968;-97.7753448486;
3.7583739758;-97.8875122070;
3.8018937111;-98.4431686401;
3.8459177017;-99.3705596924;
3.8904511929;-100.4966659546;
3.9355010986;-101.7440719604;
3.9810719490;-102.2991104126;
4.0271706581;-102.1176300049;
4.0738029480;-101.1855316162;
4.1209754944;-99.8351516724;
4.1686940193;-98.6300659180;
4.2169651985;-97.5986633301;
4.2657952309;-96.7597656250;
4.3151907921;-96.0930480957;
4.3651580811;-95.5378189087;
4.4157042503;-95.1178131104;
4.4668354988;-94.8810806274;
4.5185589790;-94.8787536621;
4.5708823204;-95.1577606201;
4.6238102913;-95.5764160156;
4.6773514748;-96.0026626587;
4.7315125465;-96.4194412231;
4.7863011360;-96.8933029175;
4.8417239189;-97.5310745239;
4.8977880478;-98.3435516357;
4.9545016289;-98.9484481812;
5.0118722916;-98.9146881104;
5.0699067116;-98.6427536011;
5.1286134720;-98.7553863525;
5.1880002022;-99.7011108398;
5.2480750084;-101.7074661255;
5.3088445663;-104.5621871948;
5.3703184128;-106.7053146362;
5.4325037003;-106.5322265625;
5.4954090118;-104.9448928833;
5.5590424538;-104.0817260742;
5.6234130859;-103.4486923218;
5.6885290146;-103.7425155640;
5.7543992996;-105.6774291992;
5.8210320473;-108.3366394043;
5.8884363174;-109.0166702271;
5.9566211700;-108.2793197632;
6.0255956650;-106.9883728027;
6.0953693390;-106.1303787231;
6.1659502983;-106.0422286987;
6.2373485565;-106.5673828125;
6.3095736504;-107.1872253418;
6.3826351166;-107.2894973755;
6.4565424919;-106.3854827881;
6.5313053131;-105.6868591309;
6.6069345474;-105.7314834595;
6.6834387779;-105.8649749756;
6.7608294487;-105.9310379028;
6.8391160965;-106.9898757935;
6.9183092117;-110.0856704712;
6.9984202385;-111.2329864502;
7.0794582367;-109.1754608154;
7.1614346504;-106.2931289673;
7.2443599701;-104.5438003540;
7.3282456398;-102.8858032227;
7.4131026268;-100.4682769775;
7.4989418983;-99.6454772949;
7.5857758522;-100.7443771362;
7.6736145020;-101.9781265259;
7.7624707222;-101.7001113892;
7.8523559570;-100.6093444824;
7.9432821274;-100.0547409058;
8.0352611542;-100.3451766968;
8.1283054352;-101.2691268921;
8.2224273682;-103.0827865601;
8.3176383972;-104.9788894653;
8.4139518738;-104.3592987061;
8.5113801956;-102.8175659180;
8.6099376678;-102.7271652222;
8.7096357346;-104.3621978760;
8.8104887009;-105.8446731567;
8.9125089645;-104.6972808838;
9.0157108307;-101.5724334717;
9.1201076508;-98.9609069824;
9.2257137299;-98.7020111084;
9.3325433731;-99.2766036987;
9.4406089783;-100.0575790405;
9.5499258041;-101.2792358398;
9.6605091095;-101.1725616455;
9.7723722458;-100.8744277954;
9.8855314255;-102.5404968262;
10.0000000000;-104.3314819336;
10.1157941818;-104.7487335205;
10.2329292297;-104.9098510742;
10.3514213562;-104.7487106323;
10.4712848663;-104.2962112427;
10.5925369263;-103.6747131348;
10.7151927948;-103.0364227295;
10.8392686844;-102.5048522949;
10.9647808075;-102.1564788818;
11.0917472839;-102.0168075562;
11.2201833725;-102.0628890991;
11.3501071930;-102.3200912476;
11.4815349579;-102.7597808838;
11.6144876480;-103.3486404419;
11.7489767075;-104.0537948608;
11.8850231171;-105.2411727905;
12.0226459503;-106.5112915039;
12.1618614197;-107.2755737305;
12.3026885986;-107.9178848267;
12.4451465607;-108.4218444824;
12.5892543793;-108.8078384399;
12.7350311279;-109.0851516724;
12.8824958801;-109.1939926147;
13.0316677094;-108.7107696533;
13.1825675964;-107.5435638428;
13.3352146149;-106.5267257690;
13.4896287918;-105.5687026978;
13.6458311081;-104.7845764160;
13.8038425446;-104.0578994751;
13.9636831284;-103.7848434448;
14.1253747940;-103.8518066406;
14.2889385223;-104.1864547729;
14.4543962479;-104.6380081177;
14.6217708588;-104.9612579346;
14.7910823822;-105.3055801392;
14.9623546600;-105.9333496094;
15.1356105804;-106.7394866943;
15.3108730316;-107.5796279907;
15.4881677628;-108.1129760742;
15.6675128937;-108.0583496094;
15.8489332199;-107.4761734009;
16.0324554443;-106.7419052124;
16.2181015015;-106.0857620239;
16.4058990479;-105.5595703125;
16.5958709717;-105.1856155396;
16.7880401611;-104.9946060181;
16.9824371338;-105.1183319092;
17.1790847778;-105.5127182007;
17.3780078888;-106.1268157959;
17.5792369843;-106.9960327148;
17.7827949524;-107.5977859497;
17.9887084961;-108.1639404297;
18.1970081329;-108.7188186646;
18.4077186584;-109.1261444092;
18.6208705902;-109.2563095093;
18.8364906311;-109.0189437866;
19.0546054840;-108.5932006836;
19.2752475739;-107.9744949341;
19.4984436035;-107.3149795532;
19.7242259979;-106.6729354858;
19.9526214600;-106.3507003784;
20.1836605072;-106.3134613037;
20.4173774719;-106.5679702759;
20.6538047791;-106.7880020142;
20.8929634094;-106.4804534912;
21.1348934174;-105.6275482178;
21.3796234131;-104.7305526733;
21.6271877289;-104.3066864014;
21.8776187897;-104.6150131226;
22.1309490204;-105.6644515991;
22.3872127533;-107.2246017456;
22.6464443207;-108.8387451172;
22.9086780548;-109.9535140991;
23.1739463806;-110.0173492432;
23.4422893524;-108.9713897705;
23.7137374878;-107.6789321899;
23.9883289337;-106.9895706177;
24.2660999298;-107.2170486450;
24.5470886230;-108.4101333618;
24.8313293457;-109.3174057007;
25.1188621521;-109.1553649902;
25.4097251892;-108.4384307861;
25.7039566040;-107.2378921509;
26.0015926361;-106.5812149048;
26.3026771545;-107.0361175537;
26.6072483063;-107.7915039063;
26.9153442383;-107.7769317627;
27.2270088196;-107.2592697144;
27.5422897339;-106.8202819824;
27.8612155914;-106.7671432495;
28.1838321686;-107.4279937744;
28.5101852417;-108.7051239014;
28.8403167725;-108.9190216064;
29.1742725372;-107.6471939087;
29.5120944977;-106.8204040527;
29.8538284302;-106.9927825928;
30.1995182037;-107.1605072021;
30.5492115021;-107.1759796143;
30.9029541016;-107.2000579834;
31.2607936859;-107.2220611572;
31.6227760315;-107.2393493652;
31.9889507294;-107.2452774048;
32.3593635559;-107.2271575928;
32.7340698242;-107.1847839355;
33.1131095886;-107.1154403687;
33.4965438843;-107.0111312866;
33.8844146729;-106.8992080688;
34.2767753601;-106.8094329834;
34.6736831665;-106.7656707764;
35.0751838684;-106.8027954102;
35.4813346863;-106.9660491943;
35.8921890259;-107.2224884033;
36.3078002930;-107.5546646118;
36.7282333374;-107.9383926392;
37.1535263062;-108.3436126709;
37.5837440491;-108.7341461182;
38.0189437866;-109.0773468018;
38.4591827393;-109.3439788818;
38.9045181274;-109.5031280518;
39.3550109863;-109.5378112793;
39.8107185364;-109.4583969116;
40.2717056274;-109.3071975708;
40.7380294800;-109.1434402466;
41.2097511292;-109.0164947510;
41.6869392395;-108.9506378174;
42.1696510315;-108.9337615967;
42.6579513550;-108.9365539551;
43.1519050598;-108.9327926636;
43.6515808105;-108.9186706543;
44.1570434570;-108.9216156006;
44.6683578491;-108.9972381592;
45.1855926514;-109.1533203125;
45.7088165283;-109.3489303589;
46.2380981445;-109.4922027588;
46.7735099792;-109.4972000122;
47.3151206970;-109.3572387695;
47.8630027771;-109.1538467407;
48.4172286987;-108.9841156006;
48.9778900146;-108.8881454468;
49.5450248718;-108.8380508423;
50.1187286377;-108.7563629150;
50.6990776062;-108.7024002075;
51.2861442566;-108.7601318359;
51.8800086975;-108.9041290283;
52.4807510376;-109.0941619873;
53.0884475708;-109.2738723755;
53.7031822205;-109.4166183472;
54.3250350952;-109.3775787354;
54.9540901184;-109.2418289185;
55.5904273987;-109.0874328613;
56.2341308594;-109.0024185181;
56.8852920532;-109.1590042114;
57.5439910889;-109.3896102905;
58.2103195190;-109.7497863770;
58.8843612671;-110.0577850342;
59.5662117004;-110.2605972290;
60.2559547424;-110.6373138428;
60.9536857605;-111.0091400146;
61.6594963074;-111.0589447021;
62.3734779358;-109.8082580566;
63.0957260132;-106.2615127563;
63.8263397217;-100.6092758179;
64.5654144287;-96.2019271851;
65.3130645752;-92.7803955078;
66.0693511963;-90.7431564331;
66.8343963623;-90.0359115601;
67.6083068848;-90.4027252197;
68.3911743164;-91.9863433838;
69.1831054688;-94.6786651611;
69.9842071533;-98.2949371338;
70.7945785522;-103.1766128540;
71.6143417358;-107.3070068359;
72.4435958862;-109.8085556030;
73.2824554443;-110.0390853882;
74.1310272217;-110.1573715210;
74.9894180298;-110.3902587891;
75.8577575684;-110.6469650269;
76.7361450195;-110.8097152710;
77.6247100830;-110.8180465698;
78.5235595703;-110.4668579102;
79.4328155518;-110.0203552246;
80.3526077271;-109.8552474976;
81.2830429077;-109.8145523071;
82.2242584229;-110.0250244141;
83.1763687134;-110.9168777466;
84.1395034790;-112.1505279541;
85.1137924194;-112.5085220337;
86.0993652344;-112.1168594360;
87.0963668823;-111.9742355347;
88.1048965454;-112.3825225830;
89.1251068115;-113.1451034546;
90.1571197510;-113.4345245361;
91.2010955811;-112.7561569214;
92.2571487427;-112.1121063232;
93.3254394531;-112.1398162842;
94.4060897827;-112.4882125854;
95.4992599487;-112.5651550293;
96.6050872803;-111.9769058228;
97.7237243652;-111.3345413208;
98.8553085327;-111.5245590210;
100.0000000000;-112.7150192261;
101.1579742432;-112.8849334717;
102.3292999268;-113.0370712280;
103.5142440796;-113.1724472046;
104.7128524780;-113.2631301880;
105.9253921509;-113.3402252197;
107.1519241333;-113.4006118774;
108.3927154541;-113.4682769775;
109.6478118896;-113.5447082520;
110.9175033569;-113.6162414551;
112.2018356323;-113.6702728271;
113.5010986328;-113.6708526611;
114.8153457642;-113.5979614258;
116.1448745728;-113.4789581299;
117.4897384644;-113.2948379517;
118.8502349854;-113.1209411621;
120.2264251709;-112.9678497314;
121.6186141968;-112.9059753418;
123.0268554688;-112.9326171875;
124.4514694214;-113.0125579834;
125.8925170898;-113.1276931763;
127.3503112793;-113.1516265869;
128.8249206543;-113.0828704834;
130.3166809082;-112.9178848267;
131.8256378174;-112.7261352539;
133.3521423340;-112.6495819092;
134.8963165283;-112.7079849243;
136.4583129883;-112.9172744751;
138.0384674072;-113.2578430176;
139.6368255615;-113.5778808594;
141.2537841797;-113.8220977783;
142.8893890381;-113.9791641235;
144.5440063477;-114.0709381104;
146.2176971436;-114.1568222046;
147.9108581543;-114.2510147095;
149.6235504150;-114.3322372437;
151.3561553955;-114.3966064453;
153.1087188721;-114.4598541260;
154.8816833496;-114.5522842407;
156.6750793457;-114.6880340576;
158.4893341064;-114.8206405640;
160.3245086670;-114.8946533203;
162.1810302734;-114.9280242920;
164.0589447021;-114.9867324829;
165.9586944580;-115.1299591064;
167.8803710938;-115.3698654175;
169.8243713379;-115.6706771851;
171.7908020020;-115.9785385132;
173.7800903320;-116.2453231812;
175.7923126221;-116.4252777100;
177.8279418945;-116.4910430908;
179.8871459961;-116.4497604370;
181.9700775146;-116.2836837769;
184.0772399902;-116.0718917847;
186.2087097168;-115.8429794312;
188.3649444580;-115.6824798584;
190.5460662842;-115.4053344727;
192.7525329590;-114.8373184204;
194.9844360352;-114.0871734619;
197.2423095703;-113.4231185913;
199.5262145996;-113.0651550293;
201.8366699219;-113.0950622559;
204.1737670898;-113.4467849731;
206.5380401611;-113.9985504150;
208.9295806885;-113.9755249023;
211.3489227295;-113.7547760010;
213.7961730957;-113.7863464355;
216.2718658447;-114.1999359131;
218.7761230469;-115.1671371460;
221.3094787598;-115.8629837036;
223.8720703125;-116.0182647705;
226.4644470215;-116.0994262695;
229.0867156982;-116.2200317383;
231.7394714355;-116.3277053833;
234.4228210449;-116.3604507446;
237.1373748779;-116.3566818237;
239.8833618164;-116.4248199463;
242.6610107422;-116.5891342163;
245.4709472656;-116.8962326050;
248.3132934570;-117.1228256226;
251.1887054443;-117.3029174805;
254.0972595215;-117.5048446655;
257.0396423340;-117.6080245972;
260.0159301758;-117.6024551392;
263.0268554688;-117.5911483765;
266.0724792480;-117.6148376465;
269.1535339355;-117.6770782471;
272.2700805664;-117.8346557617;
275.4229125977;-118.0817337036;
278.6120605469;-118.2632904053;
281.8383178711;-118.3031158447;
285.1017761230;-118.2717971802;
288.4031677246;-118.1049499512;
291.7426452637;-117.7079849243;
295.1209411621;-117.5330123901;
298.5382080078;-117.7446594238;
301.9951782227;-118.0516204834;
305.4920349121;-118.0208740234;
309.0295410156;-117.9310150146;
312.6078491211;-117.8294296265;
316.2277526855;-117.6747131348;
319.8895874023;-117.5174942017;
323.5936584473;-117.3548126221;
327.3407592773;-117.2324066162;
331.1311035156;-117.1528930664;
334.9655151367;-117.1786041260;
338.8441467285;-117.2508697510;
342.7678527832;-117.4620819092;
346.7368164063;-117.6961059570;
350.7519226074;-117.9791641235;
354.8133544922;-118.2364654541;
358.9219970703;-118.4711151123;
363.0780029297;-118.6224975586;
367.2823486328;-118.7465744019;
371.5351867676;-118.8245849609;
375.8374328613;-118.8888320923;
380.1893310547;-118.9444046021;
384.5918273926;-118.9849700928;
389.0450744629;-119.0114364624;
393.5501098633;-119.0259704590;
398.1070861816;-119.0252532959;
402.7170410156;-119.0254287720;
407.3801879883;-119.0256652832;
412.0975341797;-119.0201492310;
416.8692626953;-118.8717422485;
421.6965026855;-118.3798065186;
426.5796203613;-117.0895690918;
431.5190734863;-114.5840377808;
436.5159301758;-111.8303833008;
441.5704345703;-109.1271667480;
446.6836853027;-107.0394363403;
451.8559265137;-105.7236175537;
457.0882873535;-105.0830078125;
462.3809814453;-105.1517486572;
467.7352294922;-106.0002746582;
473.1512145996;-107.8488159180;
478.6301574707;-110.4467849731;
484.1723022461;-113.6110763550;
489.7788696289;-116.8713760376;
495.4501037598;-119.4423599243;
501.1872863770;-120.3852996826;
506.9906311035;-120.5736923218;
512.8614501953;-120.5070266724;
518.7999267578;-120.3547210693;
524.8074951172;-120.2141876221;
530.8843383789;-120.1521224976;
537.0317993164;-120.1969833374;
543.2501831055;-120.3246994019;
549.5408935547;-120.4718475342;
555.9041137695;-120.5752792358;
562.3413085938;-120.6296997070;
568.8530883789;-120.6851348877;
575.4399414063;-120.7790069580;
582.1033325195;-120.8883972168;
588.8436279297;-120.9459991455;
595.6622924805;-120.9104995728;
602.5595703125;-120.8395004272;
609.5369873047;-120.8241043091;
616.5949707031;-120.8996658325;
623.7349243164;-121.0504913330;
630.9572753906;-121.2367935181;
638.2636108398;-121.4034500122;
645.6541137695;-121.4524002075;
653.1306152344;-121.0055999756;
660.6933593750;-119.0114974976;
668.3439941406;-113.2974166870;
676.0828857422;-109.3384552002;
683.9116821289;-108.0364990234;
691.8308105469;-108.0056762695;
699.8420410156;-109.2479782104;
707.9456176758;-111.7444763184;
716.1434326172;-116.8474426270;
724.4357910156;-121.5779037476;
732.8245239258;-122.1420135498;
741.3100585938;-122.1514129639;
749.8942260742;-122.1345672607;
758.5777587891;-122.1684570313;
767.3614501953;-122.1462554932;
776.2473144531;-122.0207214355;
785.2355957031;-121.9990081787;
794.3284301758;-122.1411514282;
803.5260620117;-122.4480438232;
812.8306884766;-122.6452484131;
822.2425537109;-122.6493759155;
831.7639160156;-122.5655288696;
841.3950195313;-122.5143280029;
851.1381835938;-122.5982437134;
860.9936523438;-122.7669677734;
870.9636840820;-122.9290695190;
881.0487670898;-122.4440307617;
891.2510375977;-117.5823822021;
901.5709838867;-112.4748153687;
912.0109252930;-109.4248123169;
922.5712280273;-109.0009307861;
933.2543334961;-111.5075378418;
944.0606689453;-118.1513977051;
954.9926147461;-122.6513442993;
966.0506591797;-123.4692077637;
977.2372436523;-123.6725692749;
988.5528564453;-123.6792373657;
1000.0000000000;-120.5168609619;
1011.5797119141;-121.5549850464;
1023.2929687500;-122.2792434692;
1035.1424560547;-122.7071075439;
1047.1285400391;-122.8809890747;
1059.2539062500;-122.9844360352;
1071.5192871094;-123.0494155884;
1083.9271240234;-123.1205520630;
1096.4781494141;-123.1991043091;
1109.1750488281;-123.2751312256;
1122.0183105469;-123.3499450684;
1135.0109863281;-123.4225234985;
1148.1534423828;-123.5037384033;
1161.4487304688;-123.5908126831;
1174.8973388672;-123.6884536743;
1188.5023193359;-123.7790298462;
1202.2642822266;-123.8609008789;
1216.1861572266;-123.9151763916;
1230.2685546875;-123.9519348145;
1244.5146484375;-123.9808197021;
1258.9251708984;-124.0111312866;
1273.5031738281;-124.0633163452;
1288.2492675781;-124.1335144043;
1303.1667480469;-124.2223587036;
1318.2563476563;-124.3296279907;
1333.5214843750;-124.4439010620;
1348.9632568359;-124.5622482300;
1364.5831298828;-124.6814346313;
1380.3846435547;-124.7879791260;
1396.3682861328;-124.8496704102;
1412.5378417969;-124.8450241089;
1428.8939208984;-124.7621459961;
1445.4400634766;-124.6020278931;
1462.1770019531;-124.4113464355;
1479.1086425781;-124.2851867676;
1496.2354736328;-124.2613754272;
1513.5615234375;-124.3367614746;
1531.0872802734;-124.4680862427;
1548.8167724609;-124.5819244385;
1566.7508544922;-124.6125106812;
1584.8933105469;-124.5644149780;
1603.2451171875;-124.5180969238;
1621.8101806641;-124.4978027344;
1640.5894775391;-124.4731445313;
1659.5870361328;-124.4084701538;
1678.8035888672;-124.3197326660;
1698.2437744141;-124.2574462891;
1717.9079589844;-124.1623229980;
1737.8009033203;-123.6913833618;
1757.9230957031;-122.4377517700;
1778.2794189453;-121.3680572510;
1798.8713378906;-119.3739318848;
1819.7008056641;-117.9019622803;
1840.7724609375;-117.2606506348;
1862.0870361328;-118.0875930786;
1883.6495361328;-120.6751174927;
1905.4605712891;-123.0192337036;
1927.5252685547;-124.9695510864;
1949.8444824219;-125.9012832642;
1972.4230957031;-126.0631637573;
1995.2620849609;-125.9317245483;
2018.3666992188;-125.7107849121;
2041.7376708984;-125.4874649048;
2065.3803710938;-125.3638534546;
2089.2958984375;-125.5636062622;
2113.4892578125;-125.8411102295;
2137.9616699219;-126.1001663208;
2162.7187500000;-126.2648468018;
2187.7612304688;-126.2624893188;
2213.0949707031;-125.8847885132;
2238.7207031250;-125.2870025635;
2264.6442871094;-124.5811767578;
2290.8671875000;-124.0138092041;
2317.3947753906;-124.3456344604;
2344.2282714844;-125.0831680298;
2371.3737792969;-126.1724853516;
2398.8334960938;-126.7290496826;
2426.6101074219;-126.7812881470;
2454.7094726563;-126.7832260132;
2483.1330566406;-126.8315505981;
2511.8869628906;-126.8720016479;
2540.9726562500;-126.8614578247;
2570.3962402344;-126.8445281982;
2600.1594238281;-126.8570022583;
2630.2685546875;-126.7114257813;
2660.7248535156;-125.5852203369;
2691.5351562500;-122.5860671997;
2722.7009277344;-120.0930404663;
2754.2290039063;-119.3462371826;
2786.1208496094;-120.3698425293;
2818.3833007813;-123.0181961060;
2851.0178222656;-125.9739913940;
2884.0317382813;-127.0936584473;
2917.4265136719;-127.4133453369;
2951.2094726563;-127.4198608398;
2985.3820800781;-127.3618316650;
3019.9519042969;-126.9110260010;
3054.9204101563;-127.2599105835;
3090.2954101563;-127.4225921631;
3126.0786132813;-127.5738067627;
3162.2775878906;-127.6731185913;
3198.8959960938;-127.7695312500;
3235.9365234375;-127.8595733643;
3273.4077148438;-127.9417190552;
3311.3110351563;-128.0154418945;
3349.6550292969;-128.0641174316;
3388.4414062500;-128.1017303467;
3427.6784667969;-128.0984191895;
3467.3681640625;-128.0870971680;
3507.5192871094;-128.0566253662;
3548.1335449219;-128.0332794189;
3589.2199707031;-128.0161743164;
3630.7800292969;-128.0385437012;
3672.8234863281;-128.0794982910;
3715.3518066406;-128.1589202881;
3758.3745117188;-128.2592773438;
3801.8933105469;-128.3703613281;
3845.9182128906;-128.4809570313;
3890.4506835938;-128.5771789551;
3935.5009765625;-128.6605377197;
3981.0708007813;-128.7140045166;
4027.1704101563;-128.7572021484;
4073.8017578125;-128.7925567627;
4120.9750976563;-128.8293304443;
4168.6928710938;-128.8741149902;
4216.9648437500;-128.9243316650;
4265.7963867188;-128.9786834717;
4315.1904296875;-129.0259399414;
4365.1591796875;-129.0658111572;
4415.7041015625;-129.0986785889;
4466.8369140625;-129.1279449463;
4518.5590820313;-129.1626281738;
4570.8828125000;-129.2030181885;
4623.8095703125;-129.2480010986;
4677.3520507813;-129.2941741943;
4731.5122070313;-129.3373413086;
4786.3017578125;-129.3853302002;
4841.7231445313;-129.4458312988;
4897.7890625000;-129.5221252441;
4954.5009765625;-129.6098632813;
5011.8730468750;-129.6874237061;
5069.9062500000;-129.7401428223;
5128.6142578125;-129.7810211182;
5187.9995117188;-129.8262023926;
5248.0747070313;-129.8821105957;
5308.8432617188;-129.9380035400;
5370.3183593750;-129.9696044922;
5432.5019531250;-129.9574890137;
5495.4086914063;-129.9088897705;
5559.0410156250;-129.8627624512;
5623.4130859375;-129.8638305664;
5688.5307617188;-129.9208831787;
5754.3994140625;-130.0048217773;
5821.0336914063;-130.0722351074;
5888.4365234375;-130.1055755615;
5956.6225585938;-130.1352996826;
6025.5957031250;-130.2065734863;
6095.3701171875;-130.3396759033;
6165.9497070313;-130.4948425293;
6237.3496093750;-130.5987701416;
6309.5727539063;-130.6069488525;
6382.6357421875;-130.5457153320;
6456.5415039063;-130.4795684814;
6531.3061523438;-130.4457092285;
6606.9335937500;-130.4332733154;
6683.4399414063;-130.4207763672;
6760.8286132813;-130.4479064941;
6839.1171875000;-130.5057830811;
6918.3081054688;-130.5774230957;
6998.4204101563;-130.6545867920;
7079.4560546875;-130.7301940918;
7161.4345703125;-130.7950286865;
7244.3579101563;-130.7982788086;
7328.2456054688;-130.7969818115;
7413.1005859375;-130.8327331543;
7498.9418945313;-130.9621124268;
7585.7778320313;-131.0830383301;
7673.6147460938;-131.1071319580;
7762.4731445313;-131.0895690918;
7852.3559570313;-131.0967559814;
7943.2841796875;-131.1421813965;
8035.2607421875;-131.2001037598;
8128.3066406250;-131.1932067871;
8222.4257812500;-131.1598358154;
8317.6396484375;-131.1149749756;
8413.9501953125;-131.1164855957;
8511.3818359375;-131.2030334473;
8609.9365234375;-131.2889099121;
8709.6367187500;-131.3538818359;
8810.4873046875;-131.4709930420;
8912.5107421875;-131.5769195557;
9015.7099609375;-131.5940704346;
9120.1093750000;-131.5856323242;
9225.7128906250;-131.5794372559;
9332.5439453125;-131.5650329590;
9440.6064453125;-131.4071502686;
9549.9267578125;-130.9052276611;
9660.5068359375;-130.3428344727;
9772.3720703125;-130.3336944580;
9885.5283203125;-130.9720001221;
10000.0000000000;-131.2640380859;
10115.7968750000;-131.3863677979;
10232.9355468750;-131.5103607178;
10351.4189453125;-131.6359100342;
10471.2851562500;-131.7447662354;
10592.5400390625;-131.8470001221;
10715.1982421875;-131.9302368164;
10839.2656250000;-132.0067138672;
10964.7812500000;-132.0750427246;
11091.7500000000;-132.1300506592;
11220.1894531250;-132.1777038574;
11350.1035156250;-132.2104187012;
11481.5351562500;-132.2343292236;
11614.4873046875;-132.2543792725;
11748.9804687500;-132.2774505615;
11885.0166015625;-132.3104858398;
12022.6425781250;-132.3510894775;
12161.8613281250;-132.4012298584;
12302.6923828125;-132.4461822510;
12445.1396484375;-132.4838409424;
12589.2509765625;-132.5063629150;
12735.0312500000;-132.5194091797;
12882.4990234375;-132.5345764160;
13031.6611328125;-132.5565490723;
13182.5634765625;-132.5992584229;
13335.2138671875;-132.6562347412;
13489.6328125000;-132.7214050293;
13645.8388671875;-132.7901916504;
13803.8388671875;-132.8531646729;
13963.6826171875;-132.9047241211;
14125.3789062500;-132.9467163086;
14288.9462890625;-132.9811401367;
14454.3925781250;-133.0111389160;
14621.7705078125;-133.0370483398;
14791.0869140625;-133.0533752441;
14962.3632812500;-133.0568389893;
15135.6064453125;-133.0474548340;
15310.8730468750;-133.0275421143;
15488.1679687500;-133.0006561279;
15667.5166015625;-132.9706115723;
15848.9248046875;-132.9490051270;
16032.4511718750;-132.9524688721;
16218.1025390625;-132.9927368164;
16405.9042968750;-133.0732727051;
16595.8613281250;-133.1893768311;
16788.0371093750;-133.3267974854;
16982.4375000000;-133.4580841064;
17179.0898437500;-133.5482482910;
17378.0000000000;-133.5774688721;
17579.2324218750;-133.5627136230;
17782.7949218750;-133.5470428467;
17988.7148437500;-133.5428314209;
18197.0175781250;-133.5609283447;
18407.7148437500;-133.5731353760;
18620.8710937500;-133.5590362549;
18836.4941406250;-133.5524597168;
19054.6171875000;-133.5648345947;
19275.2421875000;-133.5803222656;
19498.4433593750;-133.5907287598;
19724.2304687500;-133.5852966309;
19952.6328125000;-133.5536499023;
20183.6562500000;-133.5030517578;
20417.3769531250;-133.4614868164;
20653.8046875000;-133.4744110107;
20892.9687500000;-133.5504608154;
21134.8808593750;-133.5981750488;
21379.6171875000;-133.6160125732;
21627.1875000000;-133.6135864258;
21877.6230468750;-133.6382293701;
22130.9355468750;-133.7137908936;
22387.2070312500;-133.7725067139;
22646.4433593750;-133.8203887939;
22908.6835937500;-133.8749542236;
23173.9335937500;-133.9089508057;
23442.2812500000;-133.9059143066;
23713.7363281250;-133.8837890625;
23988.3359375000;-133.9068756104;
24266.1132812500;-133.9737701416;
24547.0820312500;-134.0841827393;
24831.3300781250;-134.1325836182;
25118.8691406250;-134.1149902344;
25409.7402343750;-134.1249542236;
25703.9492187500;-134.2095489502;
26001.5937500000;-134.2897644043;
26302.6835937500;-134.3181304932;
26607.2617187500;-134.3740997314;
26915.3378906250;-134.4928588867;
27227.0097656250;-134.5793914795;
27542.2910156250;-134.5497131348;
27861.2226562500;-134.4506072998;
28183.8164062500;-134.3780670166;
28510.1777343750;-134.4084472656;
28840.3183593750;-134.5376281738;
29174.2812500000;-134.6698150635;
29512.0781250000;-134.6739807129;
29853.8203125000;-134.6162109375;
30199.5175781250;-134.5187988281;
30549.2207031250;-134.5469055176;
30902.9375000000;-134.5957946777;
31260.7851562500;-134.6459960938;
31622.7773437500;-134.7020416260;
31988.9589843750;-134.7521972656;
32359.3828125000;-134.7894134521;
32734.0585937500;-134.8120880127;
33113.1093750000;-134.8192901611;
33496.5507812500;-134.8176574707;
33884.4335937500;-134.8121185303;
34276.7656250000;-134.8216247559;
34673.6835937500;-134.8386077881;
35075.1953125000;-134.8787994385;
35481.3554687500;-134.9309082031;
35892.1796875000;-134.9934997559;
36307.8007812500;-135.0625305176;
36728.2343750000;-135.1310272217;
37153.5390625000;-135.1953430176;
37583.7226562500;-135.2490997314;
38018.9335937500;-135.2954406738;
38459.1796875000;-135.3230743408;
38904.5273437500;-135.3395385742;
39354.9882812500;-135.3457031250;
39810.7070312500;-135.3220977783;
40271.7070312500;-135.2657775879;
40738.0390625000;-135.1780548096;
41209.7304687500;-135.0382537842;
41686.9257812500;-134.8991851807;
42169.6484375000;-134.7794494629;
42657.9648437500;-134.7153625488;
43151.9296875000;-134.7363281250;
43651.5703125000;-134.8034362793;
44157.0429687500;-134.9069061279;
44668.3671875000;-135.0280151367;
45185.6171875000;-135.1424713135;
45708.8046875000;-135.2346038818;
46238.0976562500;-135.2855682373;
46773.5234375000;-135.2641448975;
47315.1484375000;-135.1263122559;
47862.9921875000;-134.9436492920;
48417.2304687500;-134.7777252197;
48977.8867187500;-134.6891784668;
49545.0390625000;-134.7258300781;
50118.7031250000;-134.8999938965;
50699.0625000000;-135.1181182861;
51286.1445312500;-135.2944183350;
51880.0234375000;-135.3887786865;
52480.7187500000;-135.4034423828;
53088.4335937500;-135.3702392578;
53703.1835937500;-135.3192901611;
54325.0507812500;-135.2474060059;
54954.0585937500;-135.1135101318;
55590.4101562500;-134.8675994873;
56234.1328125000;-134.5278930664;
56885.3085937500;-134.1990814209;
57544.0234375000;-134.0054779053;
58210.3046875000;-134.0235748291;
58884.3632812500;-134.2375793457;
59566.2265625000;-134.5944824219;
60255.9882812500;-134.8394470215;
60953.6679687500;-134.9463195801;
61659.4960937500;-134.9247436523;
62373.4960937500;-134.8356628418;
63095.7617187500;-134.7667083740;
63826.3242187500;-134.7765655518;
64565.4140625000;-134.8342285156;
65313.0625000000;-134.8384399414;
66069.3671875000;-134.7279815674;
66834.3593750000;-134.4847259521;
67608.2890625000;-134.3849029541;
68391.1718750000;-134.4665527344;
69183.1250000000;-134.6336975098;
69984.1640625000;-134.8311004639;
70794.5625000000;-134.9928131104;
71614.3437500000;-135.1028442383;
72443.6171875000;-135.1442260742;
73282.4140625000;-135.1625976563;
74131.0078125000;-135.1710815430;
74989.4218750000;-135.1738586426;
75857.7812500000;-135.1914215088;
76736.1875000000;-135.1925964355;
77624.6875000000;-135.0548248291;
78523.5625000000;-134.7803955078;
79432.8437500000;-134.6318969727;
80352.6484375000;-134.6546478271;
81283.0234375000;-134.8396301270;
82224.2578125000;-134.9415740967;
83176.3906250000;-134.9288787842;
84139.5546875000;-134.7731475830;
85113.7734375000;-134.6285095215;
86099.3671875000;-134.6002044678;
87096.3671875000;-134.5936737061;
88104.9218750000;-134.5138397217;
89125.0546875000;-134.4406738281;
90157.1015625000;-134.3628540039;
91201.0937500000;-134.0243988037;
92257.1718750000;-133.5228424072;
93325.3828125000;-133.2215270996;
94406.0703125000;-132.8416595459;
95499.2656250000;-132.1826629639;
96605.1171875000;-131.4191284180;
97723.6718750000;-130.8722381592;
98855.2812500000;-130.8159027100;
100000.0000000000;-132.2344665527;
101157.9687500000;-132.4067230225;
102329.3515625000;-132.5946197510;
103514.1875000000;-132.7973022461;
104712.8515625000;-132.9609527588;
105925.3984375000;-133.1064300537;
107151.9843750000;-133.1851348877;
108392.6562500000;-133.2439880371;
109647.8125000000;-133.2788848877;
110917.5000000000;-133.3129577637;
112201.8984375000;-133.3504028320;
113501.0390625000;-133.3993377686;
114815.3437500000;-133.4463958740;
116144.8750000000;-133.4870605469;
117489.8046875000;-133.4921569824;
118850.1718750000;-133.4465637207;
120226.4218750000;-133.3565368652;
121618.6093750000;-133.1807708740;
123026.9218750000;-132.9616394043;
124451.3984375000;-132.7271881104;
125892.5156250000;-132.5090789795;
127350.3125000000;-132.3704528809;
128824.9921875000;-132.2891693115;
130316.6093750000;-132.2607727051;
131825.6406250000;-132.2410888672;
133352.1406250000;-132.1628723145;
134896.3281250000;-132.0208282471;
136458.3906250000;-131.8064117432;
138038.3906250000;-131.4979095459;
139636.8281250000;-131.0743560791;
141253.7812500000;-130.5470275879;
142889.4687500000;-129.9567108154;
144543.9218750000;-129.3855133057;
146217.7031250000;-129.0376281738;
147910.8593750000;-129.0332336426;
149623.6250000000;-129.3897094727;
151356.0625000000;-130.0802001953;
153108.7187500000;-131.0018157959;
154881.6875000000;-131.9697570801;
156675.1718750000;-132.7451477051;
158489.2500000000;-133.1513671875;
160324.5156250000;-133.3250885010;
162181.0312500000;-133.3881378174;
164059.0312500000;-133.4043731689;
165958.6093750000;-133.3957061768;
167880.3593750000;-133.3681030273;
169824.3750000000;-133.3287811279;
171790.8906250000;-133.2876281738;
173779.9843750000;-133.2512817383;
175792.3125000000;-133.2207183838;
177827.9375000000;-133.2042541504;
179887.1406250000;-133.1808624268;
181970.1875000000;-133.1464538574;
184077.1406250000;-132.9857788086;
186208.7031250000;-131.6250000000;
188364.9531250000;-129.1649780273;
190546.1562500000;-127.5272750854;
192752.4218750000;-126.4909973145;
194984.4375000000;-126.2019882202;
197242.3125000000;-126.6548004150;
199526.3125000000;-127.7362442017;
201836.5625000000;-129.2092742920;
204173.7656250000;-130.7095031738;
206538.0468750000;-132.1727905273;
208929.7031250000;-132.6780700684;
211348.8125000000;-132.5449218750;
213796.1718750000;-132.2879028320;
216271.8750000000;-132.0736083984;
218776.2343750000;-132.0192871094;
221309.3593750000;-132.1407318115;
223872.0625000000;-132.2097320557;
226464.4375000000;-132.2269592285;
229086.8281250000;-132.1568756104;
231739.3437500000;-131.9429931641;
234422.8125000000;-131.6395416260;
237137.3750000000;-130.8357849121;
239883.3593750000;-129.6833801270;
242661.1406250000;-128.6704406738;
245470.8125000000;-127.0861129761;
248313.2968750000;-125.9871826172;
251188.7031250000;-125.7984924316;
254097.3906250000;-126.2495498657;
257039.4843750000;-127.0171966553;
260015.9375000000;-127.7967605591;
263026.8437500000;-128.4738922119;
266072.6250000000;-128.7705993652;
269153.3750000000;-127.8492431641;
272270.0937500000;-126.3784255981;
275422.9062500000;-125.1837158203;
278612.2187500000;-124.4001998901;
281838.1562500000;-123.6367416382;
285101.7812500000;-122.8915634155;
288403.1875000000;-122.4784698486;
291742.8125000000;-121.2296218872;
295120.7812500000;-118.8574295044;
298538.1875000000;-116.4617309570;
301995.1875000000;-115.1680526733;
305492.2187500000;-114.3954849243;
309029.3750000000;-113.7283020020;
312607.8437500000;-113.1002578735;
316227.7812500000;-112.5389785767;
319889.5937500000;-112.0706558228;
323593.8125000000;-111.6509933472;
327340.5937500000;-111.4191894531;
331131.0937500000;-111.2906417847;
334965.5000000000;-111.3136749268;
338844.3125000000;-111.5808105469;
342767.6562500000;-111.9781341553;
346736.8125000000;-112.6003646851;
350751.9375000000;-113.3272094727;
354813.5312500000;-114.0348052979;
358921.7812500000;-114.4912414551;
363078.0000000000;-114.3838424683;
367282.3437500000;-113.9152297974;
371535.3750000000;-113.0499954224;
375837.2500000000;-112.1909027100;
380189.3437500000;-111.4129714966;
384591.8125000000;-110.7528305054;
389045.2812500000;-110.1380920410;
393549.8750000000;-109.3191452026;
398107.0937500000;-108.2390289307;
402717.0625000000;-106.8108291626;
407380.4062500000;-105.1930389404;
412097.3125000000;-103.7292785645;
416869.2812500000;-102.5325546265;
421696.5000000000;-101.7097930908;
426579.6250000000;-101.4220352173;
431519.3125000000;-101.6915283203;
436515.6875000000;-102.4597854614;
441570.4375000000;-103.7291488647;
446683.6875000000;-105.4868774414;
451856.1562500000;-107.6985092163;
457088.0312500000;-110.3193511963;
462380.9687500000;-113.1031188965;
467735.2187500000;-115.7998123169;
473151.4687500000;-118.1897430420;
478629.9062500000;-120.1701965332;
484172.3125000000;-121.7804489136;
489778.8750000000;-123.1256561279;
495450.3750000000;-124.2599945068;
501187.0000000000;-125.1815872192;
506990.6250000000;-125.9008102417;
512861.4375000000;-126.4330444336;
518800.2187500000;-126.7966384888;
524807.1875000000;-127.1026000977;
530884.3125000000;-127.5556716919;
537031.8125000000;-128.2712707520;
543250.5000000000;-129.2166137695;
549540.5625000000;-130.2102355957;
555904.1250000000;-131.0589752197;
562341.3125000000;-131.6893463135;
568853.0625000000;-132.1342620850;
575440.2500000000;-132.4417877197;
582103.0625000000;-132.5071563721;
588843.6250000000;-129.7951812744;
595662.2500000000;-124.6256713867;
602559.8750000000;-121.2020263672;
609536.6875000000;-118.7530593872;
616594.9375000000;-117.3579864502;
623734.9375000000;-117.0168075562;
630957.6250000000;-117.7280883789;
638263.2500000000;-120.6995391846;
645654.1250000000;-126.2293395996;
653130.6250000000;-130.7098693848;
660693.6875000000;-134.4391632080;
668343.6250000000;-136.5641021729;
676082.8750000000;-137.4342651367;
683911.6875000000;-137.8555603027;
691831.1875000000;-138.2930908203;
699841.6875000000;-138.5394439697;
707945.6250000000;-138.6550598145;
716143.4375000000;-138.5596771240;
724436.1875000000;-136.7322692871;
732824.1250000000;-133.8994903564;
741310.0625000000;-129.9441528320;
749894.1875000000;-127.9493255615;
758577.7500000000;-128.3311309814;
767361.8750000000;-130.8123474121;
776246.8750000000;-133.7235260010;
785235.6250000000;-138.3647003174;
794328.4375000000;-141.2532196045;
803526.5000000000;-141.5407104492;
812830.2500000000;-141.6076660156;
822242.5625000000;-141.7417602539;
831763.9375000000;-142.2964324951;
841395.5000000000;-142.8459320068;
851137.6875000000;-143.1481781006;
860993.6250000000;-143.3399963379;
870963.6875000000;-143.6032714844;
881049.2500000000;-143.9891662598;
891250.5625000000;-144.2085723877;
901571.0000000000;-144.3522338867;
912010.9375000000;-144.5175018311;
922571.7500000000;-144.7720489502;
933253.8750000000;-145.0406494141;
944060.6875000000;-145.2965698242;
954992.6250000000;-145.5522308350;
966051.1875000000;-145.7207794189;
977236.6875000000;-145.9060516357;
988552.8125000000;-146.1136169434;
1000000.0000000000;-146.3032684326;
