Window;1;Noise Spectrum;
Trace;1;
1.0000000000;-97.2865524292;
1.0115795135;-97.2984237671;
1.0232930183;-97.1056442261;
1.0351421833;-96.7195434570;
1.0471285582;-96.3334426880;
1.0592536926;-95.9473419189;
1.0715192556;-95.5612411499;
1.0839269161;-95.1701126099;
1.0964782238;-94.7637863159;
1.1091748476;-94.3574600220;
1.1220184565;-93.9511260986;
1.1350108385;-93.5447998047;
1.1481536627;-93.1849441528;
1.1614485979;-92.9424209595;
1.1748975515;-92.6998901367;
1.1885021925;-92.4573669434;
1.2022644281;-92.2148361206;
1.2161860466;-92.0851135254;
1.2302688360;-92.0345764160;
1.2445145845;-91.9840393066;
1.2589254379;-91.9335021973;
1.2735030651;-91.9054412842;
1.2882494926;-92.0248794556;
1.3031667471;-92.1443252563;
1.3182567358;-92.2637634277;
1.3335214853;-92.3832015991;
1.3489629030;-92.5861053467;
1.3645831347;-92.7988662720;
1.3803843260;-93.0116348267;
1.3963683844;-93.2243957520;
1.4125375748;-93.4017944336;
1.4288939238;-93.5731353760;
1.4454398155;-93.7444839478;
1.4621771574;-93.9158248901;
1.4791084528;-93.9576950073;
1.4962356091;-93.9986114502;
1.5135612488;-94.0395278931;
1.5310875177;-94.0602951050;
1.5488165617;-94.0331192017;
1.5667510033;-94.0059509277;
1.5848932266;-93.9787826538;
1.6032453775;-93.9994583130;
1.6218100786;-94.0360641479;
1.6405898333;-94.0726699829;
1.6595869064;-94.1657485962;
1.6788040400;-94.3667297363;
1.6982436180;-94.5677108765;
1.7179083824;-94.7811965942;
1.7378008366;-95.1731262207;
1.7579236031;-95.5650482178;
1.7782794237;-95.9569702148;
1.7988709211;-96.4125442505;
1.8197008371;-96.8746719360;
1.8407719135;-97.3367919922;
1.8620871305;-97.6406173706;
1.8836491108;-97.9183731079;
1.9054607153;-98.1961288452;
1.9275249243;-98.2875595093;
1.9498445988;-98.3614578247;
1.9724227190;-98.4384460449;
1.9952623844;-98.5591812134;
2.0183663368;-98.6799163818;
2.0417380333;-98.8486480713;
2.0653800964;-99.1251144409;
2.0892961025;-99.4015731812;
2.1134889126;-99.7152404785;
2.1379621029;-100.0502548218;
2.1627185345;-100.3826141357;
2.1877615452;-100.6553268433;
2.2130947113;-100.9280319214;
2.2387211323;-101.1378173828;
2.2646441460;-101.2905731201;
2.2908678055;-101.4141616821;
2.3173947334;-101.1916427612;
2.3442287445;-100.9691314697;
2.3713736534;-100.3012161255;
2.3988327980;-99.4404983521;
2.4266099930;-98.4906997681;
2.4547088146;-97.3965148926;
2.4831330776;-96.3346328735;
2.5118863583;-95.4981918335;
2.5409727097;-94.6617507935;
2.5703957081;-94.2538757324;
2.6001594067;-93.8801345825;
2.6302678585;-93.9272079468;
2.6607251167;-94.0919647217;
2.6915347576;-94.6519317627;
2.7227013111;-95.3908081055;
2.7542285919;-96.4849700928;
2.7861211300;-97.7750854492;
2.8183827400;-99.2625961304;
2.8510184288;-100.8574981689;
2.8840315342;-102.1450119019;
2.9174270630;-103.2981109619;
2.9512093067;-103.5977249146;
2.9853825569;-103.6658782959;
3.0199515820;-103.0537338257;
3.0549211502;-102.3684844971;
3.0902955532;-101.5531845093;
3.1260793209;-100.8184890747;
3.1622776985;-100.2727355957;
3.1988949776;-99.9882659912;
3.2359364033;-99.9226074219;
3.2734067440;-100.3135910034;
3.3113110065;-100.8631210327;
3.3496541977;-101.7959671021;
3.3884413242;-102.6679229736;
3.4276781082;-103.4747238159;
3.4673686028;-103.5788879395;
3.5075187683;-103.4692306519;
3.5481340885;-103.0861206055;
3.5892193317;-102.8504333496;
3.6307804585;-102.6908874512;
3.6728229523;-102.5987854004;
3.7153522968;-102.3260040283;
3.7583739758;-101.9451980591;
3.8018937111;-101.5055084229;
3.8459177017;-101.4201660156;
3.8904511929;-101.7478332520;
3.9355010986;-102.7888031006;
3.9810719490;-105.2250747681;
4.0271706581;-109.1198272705;
4.0738029480;-113.4957275391;
4.1209754944;-109.9129562378;
4.1686940193;-105.8104019165;
4.2169651985;-102.4334182739;
4.2657952309;-100.3885650635;
4.3151907921;-99.3737258911;
4.3651580811;-99.0784683228;
4.4157042503;-99.3479232788;
4.4668354988;-100.1614761353;
4.5185589790;-101.4945907593;
4.5708823204;-103.2967987061;
4.6238102913;-104.7686157227;
4.6773514748;-105.1235046387;
4.7315125465;-104.5466156006;
4.7863011360;-103.5861968994;
4.8417239189;-102.7212982178;
4.8977880478;-101.8591461182;
4.9545016289;-100.6452026367;
5.0118722916;-99.2776718140;
5.0699067116;-98.2070007324;
5.1286134720;-97.7524414063;
5.1880002022;-98.1064071655;
5.2480750084;-99.3233261108;
5.3088445663;-101.0874862671;
5.3703184128;-102.3189773560;
5.4325037003;-102.1366958618;
5.4954090118;-101.2096328735;
5.5590424538;-100.7442779541;
5.6234130859;-100.8051528931;
5.6885290146;-101.7385864258;
5.7543992996;-103.6371002197;
5.8210320473;-104.2572479248;
5.8884363174;-103.8720245361;
5.9566211700;-103.5273818970;
6.0255956650;-103.1620025635;
6.0953693390;-102.6296310425;
6.1659502983;-102.0468902588;
6.2373485565;-101.5953750610;
6.3095736504;-101.3142089844;
6.3826351166;-101.1922225952;
6.4565424919;-101.4826049805;
6.5313053131;-102.1150741577;
6.6069345474;-102.1355438232;
6.6834387779;-101.6178359985;
6.7608294487;-100.9751892090;
6.8391160965;-100.0951766968;
6.9183092117;-98.9989624023;
6.9984202385;-98.3917922974;
7.0794582367;-98.3314361572;
7.1614346504;-99.3308868408;
7.2443599701;-100.3128662109;
7.3282456398;-100.0282363892;
7.4131026268;-99.5341186523;
7.4989418983;-100.4102859497;
7.5857758522;-103.4738464355;
7.6736145020;-108.1491699219;
7.7624707222;-108.7038040161;
7.8523559570;-105.9846954346;
7.9432821274;-104.5949172974;
8.0352611542;-105.7667083740;
8.1283054352;-109.1588821411;
8.2224273682;-111.0332336426;
8.3176383972;-109.0475082397;
8.4139518738;-107.7253952026;
8.5113801956;-107.9937362671;
8.6099376678;-108.5778656006;
8.7096357346;-108.6011810303;
8.8104887009;-109.6020812988;
8.9125089645;-112.1678085327;
9.0157108307;-113.9943313599;
9.1201076508;-110.6865158081;
9.2257137299;-107.4863433838;
9.3325433731;-106.0055236816;
9.4406089783;-105.0977249146;
9.5499258041;-102.4246063232;
9.6605091095;-101.2211685181;
9.7723722458;-101.8447494507;
9.8855314255;-102.8031005859;
10.0000000000;-104.0597381592;
10.1157941818;-104.0522232056;
10.2329292297;-104.1054000854;
10.3514213562;-104.2056045532;
10.4712848663;-104.3418655396;
10.5925369263;-104.5043106079;
10.7151927948;-104.6814346313;
10.8392686844;-104.8578491211;
10.9647808075;-105.0139465332;
11.0917472839;-105.1121520996;
11.2201833725;-105.1822433472;
11.3501071930;-105.1887130737;
11.4815349579;-105.1445083618;
11.6144876480;-105.0796661377;
11.7489767075;-105.0293273926;
11.8850231171;-105.0337677002;
12.0226459503;-105.1069412231;
12.1618614197;-105.1624908447;
12.3026885986;-105.1900711060;
12.4451465607;-105.1699905396;
12.5892543793;-105.0835189819;
12.7350311279;-104.9079818726;
12.8824958801;-104.6265640259;
13.0316677094;-104.0352020264;
13.1825675964;-103.4416809082;
13.3352146149;-103.1590347290;
13.4896287918;-103.0337982178;
13.6458311081;-103.0869979858;
13.8038425446;-103.4772186279;
13.9636831284;-104.0555343628;
14.1253747940;-104.4311904907;
14.2889385223;-104.7950592041;
14.4543962479;-104.9514160156;
14.6217708588;-104.9829254150;
14.7910823822;-105.0175476074;
14.9623546600;-105.1178207397;
15.1356105804;-105.2470321655;
15.3108730316;-105.3475036621;
15.4881677628;-105.3981170654;
15.6675128937;-105.3989562988;
15.8489332199;-105.3386154175;
16.0324554443;-105.1818313599;
16.2181015015;-104.8576431274;
16.4058990479;-104.4139556885;
16.5958709717;-103.8772583008;
16.7880401611;-103.3468856812;
16.9824371338;-102.9124221802;
17.1790847778;-102.6544876099;
17.3780078888;-102.6996841431;
17.5792369843;-103.1569671631;
17.7827949524;-103.6521759033;
17.9887084961;-103.9815292358;
18.1970081329;-104.0458145142;
18.4077186584;-103.9091262817;
18.6208705902;-103.8398818970;
18.8364906311;-103.9882812500;
19.0546054840;-104.2859497070;
19.2752475739;-104.7836685181;
19.4984436035;-105.4698104858;
19.7242259979;-106.4033050537;
19.9526214600;-107.0763549805;
20.1836605072;-107.3689575195;
20.4173774719;-107.2200164795;
20.6538047791;-106.7381591797;
20.8929634094;-105.8579559326;
21.1348934174;-104.4374237061;
21.3796234131;-102.9805526733;
21.6271877289;-102.0949249268;
21.8776187897;-102.0449600220;
22.1309490204;-102.7886123657;
22.3872127533;-103.9820022583;
22.6464443207;-105.0340957642;
22.9086780548;-105.5360488892;
23.1739463806;-105.4682312012;
23.4422893524;-104.9110183716;
23.7137374878;-104.1731643677;
23.9883289337;-103.6281814575;
24.2660999298;-103.1693496704;
24.5470886230;-102.1006317139;
24.8313293457;-101.0300903320;
25.1188621521;-100.9248275757;
25.4097251892;-101.7777175903;
25.7039566040;-103.8863754272;
26.0015926361;-105.4344406128;
26.3026771545;-103.9162139893;
26.6072483063;-101.8716278076;
26.9153442383;-100.9977569580;
27.2270088196;-101.0399551392;
27.5422897339;-101.7445144653;
27.8612155914;-102.8050994873;
28.1838321686;-104.3487396240;
28.5101852417;-105.8397979736;
28.8403167725;-106.6864013672;
29.1742725372;-107.1252441406;
29.5120944977;-107.4042892456;
29.8538284302;-107.8169937134;
30.1995182037;-106.7878646851;
30.5492115021;-107.2346038818;
30.9029541016;-107.5732879639;
31.2607936859;-107.8697738647;
31.6227760315;-108.1397781372;
31.9889507294;-108.3966751099;
32.3593635559;-108.6415481567;
32.7340698242;-108.8641128540;
33.1131095886;-109.0569763184;
33.4965438843;-109.1986083984;
33.8844146729;-109.3063888550;
34.2767753601;-109.4046707153;
34.6736831665;-109.5062942505;
35.0751838684;-109.6255340576;
35.4813346863;-109.7588577271;
35.8921890259;-109.8757629395;
36.3078002930;-109.9508895874;
36.7282333374;-109.9617080688;
37.1535263062;-109.8937530518;
37.5837440491;-109.7489776611;
38.0189437866;-109.5785140991;
38.4591827393;-109.4240875244;
38.9045181274;-109.3176879883;
39.3550109863;-109.2838592529;
39.8107185364;-109.3363037109;
40.2717056274;-109.4727554321;
40.7380294800;-109.6671447754;
41.2097511292;-109.8647384644;
41.6869392395;-109.9910049438;
42.1696510315;-110.0074157715;
42.6579513550;-109.9370651245;
43.1519050598;-109.8384246826;
43.6515808105;-109.7743988037;
44.1570434570;-109.7886657715;
44.6683578491;-109.9191894531;
45.1855926514;-110.1247787476;
45.7088165283;-110.3922882080;
46.2380981445;-110.7132568359;
46.7735099792;-111.0828399658;
47.3151206970;-111.4740524292;
47.8630027771;-111.8208389282;
48.4172286987;-112.0433425903;
48.9778900146;-112.1064376831;
49.5450248718;-112.0431823730;
50.1187286377;-111.8198242188;
50.6990776062;-111.5116958618;
51.2861442566;-111.2575607300;
51.8800086975;-111.0003509521;
52.4807510376;-110.7625885010;
53.0884475708;-110.5295028687;
53.7031822205;-110.1136016846;
54.3250350952;-109.6866455078;
54.9540901184;-109.4952316284;
55.5904273987;-109.4221801758;
56.2341308594;-109.4620056152;
56.8852920532;-109.5541534424;
57.5439910889;-109.6889038086;
58.2103195190;-110.1921310425;
58.8843612671;-111.0337905884;
59.5662117004;-111.6596679688;
60.2559547424;-112.3038482666;
60.9536857605;-112.5688781738;
61.6594963074;-112.5742416382;
62.3734779358;-112.4647979736;
63.0957260132;-112.2878646851;
63.8263397217;-112.0923004150;
64.5654144287;-111.9090576172;
65.3130645752;-111.7515945435;
66.0693511963;-111.6561889648;
66.8343963623;-111.6793594360;
67.6083068848;-111.7702026367;
68.3911743164;-111.8418884277;
69.1831054688;-111.8480682373;
69.9842071533;-111.8101425171;
70.7945785522;-111.7464065552;
71.6143417358;-111.6196441650;
72.4435958862;-111.5246505737;
73.2824554443;-111.6162033081;
74.1310272217;-111.7743682861;
74.9894180298;-111.9909286499;
75.8577575684;-112.2910919189;
76.7361450195;-112.4119491577;
77.6247100830;-112.2839355469;
78.5235595703;-112.0443954468;
79.4328155518;-111.9453659058;
80.3526077271;-111.9337081909;
81.2830429077;-111.8682403564;
82.2242584229;-111.6940078735;
83.1763687134;-111.7128143311;
84.1395034790;-111.9635314941;
85.1137924194;-112.1890106201;
86.0993652344;-112.4110946655;
87.0963668823;-112.5956192017;
88.1048965454;-112.8492050171;
89.1251068115;-113.3128662109;
90.1571197510;-113.4945755005;
91.2010955811;-113.0934524536;
92.2571487427;-112.6958541870;
93.3254394531;-112.4651641846;
94.4060897827;-112.0351638794;
95.4992599487;-111.6806640625;
96.6050872803;-112.1649169922;
97.7237243652;-113.2402191162;
98.8553085327;-113.7662658691;
100.0000000000;-113.5223922729;
101.1579742432;-113.7281875610;
102.3292999268;-113.8711929321;
103.5142440796;-113.9548950195;
104.7128524780;-113.9264602661;
105.9253921509;-113.8616485596;
107.1519241333;-113.7359848022;
108.3927154541;-113.6244583130;
109.6478118896;-113.5300216675;
110.9175033569;-113.5103988647;
112.2018356323;-113.5269851685;
113.5010986328;-113.6111145020;
114.8153457642;-113.7212219238;
116.1448745728;-113.8411636353;
117.4897384644;-113.9420013428;
118.8502349854;-114.0156326294;
120.2264251709;-114.0722656250;
121.6186141968;-114.1257247925;
123.0268554688;-114.2216415405;
124.4514694214;-114.3600006104;
125.8925170898;-114.5680465698;
127.3503112793;-114.8087005615;
128.8249206543;-115.0191955566;
130.3166809082;-115.1701354980;
131.8256378174;-115.1578140259;
133.3521423340;-115.0490722656;
134.8963165283;-114.9051055908;
136.4583129883;-114.7732009888;
138.0384674072;-114.7403106689;
139.6368255615;-114.8093490601;
141.2537841797;-114.9414978027;
142.8893890381;-115.1077194214;
144.5440063477;-115.2746734619;
146.2176971436;-115.4147033691;
147.9108581543;-115.5261230469;
149.6235504150;-115.5942687988;
151.3561553955;-115.5956192017;
153.1087188721;-115.5170440674;
154.8816833496;-115.3746490479;
156.6750793457;-115.2294158936;
158.4893341064;-115.1740417480;
160.3245086670;-115.2246932983;
162.1810302734;-115.3438796997;
164.0589447021;-115.4815979004;
165.9586944580;-115.6172027588;
167.8803710938;-115.7728500366;
169.8243713379;-115.9820785522;
171.7908020020;-116.2388610840;
173.7800903320;-116.4788360596;
175.7923126221;-116.6215438843;
177.8279418945;-116.6586914063;
179.8871459961;-116.6120758057;
181.9700775146;-116.5355377197;
184.0772399902;-116.4841537476;
186.2087097168;-116.4325714111;
188.3649444580;-116.3359451294;
190.5460662842;-116.2531738281;
192.7525329590;-116.1889877319;
194.9844360352;-116.1534500122;
197.2423095703;-116.1579742432;
199.5262145996;-116.2239532471;
201.8366699219;-116.3552932739;
204.1737670898;-116.5136566162;
206.5380401611;-116.6632919312;
208.9295806885;-116.6955413818;
211.3489227295;-116.7065811157;
213.7961730957;-116.7530899048;
216.2718658447;-116.8206558228;
218.7761230469;-116.8557205200;
221.3094787598;-116.7156372070;
223.8720703125;-116.5100326538;
226.4644470215;-116.3430557251;
229.0867156982;-116.4717178345;
231.7394714355;-117.0129776001;
234.4228210449;-117.4455490112;
237.1373748779;-117.7940979004;
239.8833618164;-117.8465423584;
242.6610107422;-117.7883834839;
245.4709472656;-117.6261062622;
248.3132934570;-117.4576644897;
251.1887054443;-117.4537353516;
254.0972595215;-117.5382308960;
257.0396423340;-117.4476165771;
260.0159301758;-117.2320327759;
263.0268554688;-117.2908172607;
266.0724792480;-117.7597579956;
269.1535339355;-118.4130172729;
272.2700805664;-118.8040084839;
275.4229125977;-118.7243881226;
278.6120605469;-118.4531860352;
281.8383178711;-118.2061080933;
285.1017761230;-118.1301956177;
288.4031677246;-118.2536926270;
291.7426452637;-118.3980789185;
295.1209411621;-118.2836074829;
298.5382080078;-117.9808654785;
301.9951782227;-118.1731948853;
305.4920349121;-118.1662368774;
309.0295410156;-118.1656494141;
312.6078491211;-118.1664352417;
316.2277526855;-118.1734313965;
319.8895874023;-118.1872100830;
323.5936584473;-118.2158737183;
327.3407592773;-118.2597198486;
331.1311035156;-118.3197326660;
334.9655151367;-118.3888244629;
338.8441467285;-118.4619293213;
342.7678527832;-118.5124664307;
346.7368164063;-118.5521240234;
350.7519226074;-118.5581817627;
354.8133544922;-118.5517196655;
358.9219970703;-118.5342330933;
363.0780029297;-118.5327377319;
367.2823486328;-118.5462188721;
371.5351867676;-118.5971832275;
375.8374328613;-118.6794891357;
380.1893310547;-118.7794036865;
384.5918273926;-118.8932037354;
389.0450744629;-119.0025939941;
393.5501098633;-119.1086120605;
398.1070861816;-119.2166595459;
402.7170410156;-119.3348693848;
407.3801879883;-119.4610824585;
412.0975341797;-119.5882339478;
416.8692626953;-119.6849594116;
421.6965026855;-119.7468872070;
426.5796203613;-119.7513656616;
431.5190734863;-119.7083435059;
436.5159301758;-119.6583023071;
441.5704345703;-119.6123123169;
446.6836853027;-119.5868148804;
451.8559265137;-119.5424804688;
457.0882873535;-119.4529190063;
462.3809814453;-119.3161392212;
467.7352294922;-119.1499252319;
473.1512145996;-119.0694122314;
478.6301574707;-119.1162490845;
484.1723022461;-119.2797622681;
489.7788696289;-119.5230636597;
495.4501037598;-119.7849426270;
501.1872863770;-120.0093536377;
506.9906311035;-120.2027130127;
512.8614501953;-120.3378067017;
518.7999267578;-120.1900253296;
524.8074951172;-119.2769470215;
530.8843383789;-117.2701034546;
537.0317993164;-114.5173568726;
543.2501831055;-111.9817047119;
549.5408935547;-110.2596282959;
555.9041137695;-109.5905380249;
562.3413085938;-110.0328369141;
568.8530883789;-111.5485305786;
575.4399414063;-114.0076980591;
582.1033325195;-116.8855209351;
588.8436279297;-119.1420364380;
595.6622924805;-120.4302749634;
602.5595703125;-120.8495025635;
609.5369873047;-121.1550674438;
616.5949707031;-121.3950576782;
623.7349243164;-121.5436782837;
630.9572753906;-121.5610656738;
638.2636108398;-121.4396896362;
645.6541137695;-121.2448348999;
653.1306152344;-121.0842590332;
660.6933593750;-121.0400085449;
668.3439941406;-121.1380767822;
676.0828857422;-121.1347274780;
683.9116821289;-121.0639190674;
691.8308105469;-121.1268920898;
699.8420410156;-121.3861541748;
707.9456176758;-121.7281723022;
716.1434326172;-122.0341339111;
724.4357910156;-122.0701980591;
732.8245239258;-121.9992828369;
741.3100585938;-121.9392852783;
749.8942260742;-122.0224914551;
758.5777587891;-122.2798538208;
767.3614501953;-122.4434661865;
776.2473144531;-122.3970565796;
785.2355957031;-122.0836029053;
794.3284301758;-121.9004745483;
803.5260620117;-121.6713409424;
812.8306884766;-120.8114089966;
822.2425537109;-119.6721191406;
831.7639160156;-118.4495315552;
841.3950195313;-118.6122589111;
851.1381835938;-120.2924499512;
860.9936523438;-121.9895477295;
870.9636840820;-122.2819137573;
881.0487670898;-122.0398101807;
891.2510375977;-121.5940017700;
901.5709838867;-121.3887710571;
912.0109252930;-121.7642898560;
922.5712280273;-122.3235244751;
933.2543334961;-122.6877441406;
944.0606689453;-122.9420471191;
954.9926147461;-123.1034851074;
966.0506591797;-123.2328262329;
977.2372436523;-123.1778640747;
988.5528564453;-122.9206695557;
1000.0000000000;-122.6587753296;
1011.5797119141;-122.5798110962;
1023.2929687500;-122.4618835449;
1035.1424560547;-122.3071517944;
1047.1285400391;-122.0663452148;
1059.2539062500;-121.7972030640;
1071.5192871094;-121.4780426025;
1083.9271240234;-121.1992111206;
1096.4781494141;-120.9690856934;
1109.1750488281;-120.9223937988;
1122.0183105469;-120.9735107422;
1135.0109863281;-121.2195281982;
1148.1534423828;-121.5741729736;
1161.4487304688;-121.9787139893;
1174.8973388672;-122.3605728149;
1188.5023193359;-122.6360702515;
1202.2642822266;-122.8276977539;
1216.1861572266;-122.8980712891;
1230.2685546875;-122.9606246948;
1244.5146484375;-123.0357971191;
1258.9251708984;-123.1620407104;
1273.5031738281;-123.3339462280;
1288.2492675781;-123.5128173828;
1303.1667480469;-123.6849288940;
1318.2563476563;-123.8089218140;
1333.5214843750;-123.8910293579;
1348.9632568359;-123.9406356812;
1364.5831298828;-123.9629211426;
1380.3846435547;-123.9630661011;
1396.3682861328;-123.9587326050;
1412.5378417969;-123.9629211426;
1428.8939208984;-123.9857559204;
1445.4400634766;-124.0362777710;
1462.1770019531;-124.1201858521;
1479.1086425781;-124.2160568237;
1496.2354736328;-124.3060302734;
1513.5615234375;-124.3715820313;
1531.0872802734;-124.3704299927;
1548.8167724609;-124.2042694092;
1566.7508544922;-123.6703491211;
1584.8933105469;-122.4959182739;
1603.2451171875;-121.0002822876;
1621.8101806641;-119.6200408936;
1640.5894775391;-118.6804809570;
1659.5870361328;-118.3680648804;
1678.8035888672;-118.7532653809;
1698.2437744141;-119.8005752563;
1717.9079589844;-121.3248901367;
1737.8009033203;-122.9345016479;
1757.9230957031;-124.1429672241;
1778.2794189453;-124.6280746460;
1798.8713378906;-124.8463516235;
1819.7008056641;-124.7830047607;
1840.7724609375;-124.6216735840;
1862.0870361328;-124.0619354248;
1883.6495361328;-122.9008865356;
1905.4605712891;-121.9185867310;
1927.5252685547;-121.2359924316;
1949.8444824219;-121.1097946167;
1972.4230957031;-121.6037216187;
1995.2620849609;-122.5893936157;
2018.3666992188;-123.7328872681;
2041.7376708984;-124.6112136841;
2065.3803710938;-124.7409744263;
2089.2958984375;-120.4334106445;
2113.4892578125;-113.8052520752;
2137.9616699219;-107.8626708984;
2162.7187500000;-103.2520446777;
2187.7612304688;-98.7088623047;
2213.0949707031;-96.7178649902;
2238.7207031250;-96.7482833862;
2264.6442871094;-97.8534851074;
2290.8671875000;-101.4337615967;
2317.3947753906;-108.0951919556;
2344.2282714844;-114.0764999390;
2371.3737792969;-122.4498672485;
2398.8334960938;-125.5980529785;
2426.6101074219;-124.9854278564;
2454.7094726563;-123.1422042847;
2483.1330566406;-121.4786529541;
2511.8869628906;-121.1367492676;
2540.9726562500;-122.1615982056;
2570.3962402344;-124.1205139160;
2600.1594238281;-125.8272476196;
2630.2685546875;-126.4345169067;
2660.7248535156;-126.1860275269;
2691.5351562500;-123.2053756714;
2722.7009277344;-119.2603912354;
2754.2290039063;-116.3193130493;
2786.1208496094;-115.3401031494;
2818.3833007813;-116.6729049683;
2851.0178222656;-119.9439468384;
2884.0317382813;-123.8187332153;
2917.4265136719;-126.4772720337;
2951.2094726563;-126.7145614624;
2985.3820800781;-126.6487655640;
3019.9519042969;-124.8570480347;
3054.9204101563;-125.6934738159;
3090.2954101563;-126.0842132568;
3126.0786132813;-126.4169540405;
3162.2775878906;-126.4871292114;
3198.8959960938;-126.5339584351;
3235.9365234375;-126.5295333862;
3273.4077148438;-126.5361938477;
3311.3110351563;-126.5546646118;
3349.6550292969;-126.6018600464;
3388.4414062500;-126.6617584229;
3427.6784667969;-126.7460250854;
3467.3681640625;-126.8310623169;
3507.5192871094;-126.9132080078;
3548.1335449219;-126.9838638306;
3589.2199707031;-127.0444183350;
3630.7800292969;-127.0958862305;
3672.8234863281;-127.1497344971;
3715.3518066406;-127.2142944336;
3758.3745117188;-127.2923507690;
3801.8933105469;-127.3772506714;
3845.9182128906;-127.4611511230;
3890.4506835938;-127.5297393799;
3935.5009765625;-127.5846099854;
3981.0708007813;-127.6074218750;
4027.1704101563;-127.6163940430;
4073.8017578125;-127.6116943359;
4120.9750976563;-127.5815505981;
4168.6928710938;-127.5140151978;
4216.9648437500;-127.4095382690;
4265.7963867188;-127.2515716553;
4315.1904296875;-127.0758743286;
4365.1591796875;-126.9412384033;
4415.7041015625;-126.8769149780;
4466.8369140625;-126.9592819214;
4518.5590820313;-127.1738128662;
4570.8828125000;-127.4439926147;
4623.8095703125;-127.7236251831;
4677.3520507813;-127.9497909546;
4731.5122070313;-128.0622406006;
4786.3017578125;-128.1056365967;
4841.7231445313;-128.1050567627;
4897.7890625000;-128.0870361328;
4954.5009765625;-128.0761413574;
5011.8730468750;-128.0885009766;
5069.9062500000;-128.1144866943;
5128.6142578125;-128.1431579590;
5187.9995117188;-128.1726226807;
5248.0747070313;-128.2044830322;
5308.8432617188;-128.2370300293;
5370.3183593750;-128.2584381104;
5432.5019531250;-128.2482147217;
5495.4086914063;-128.1952667236;
5559.0410156250;-128.1243133545;
5623.4130859375;-128.0940551758;
5688.5307617188;-128.1384582520;
5754.3994140625;-128.2376556396;
5821.0336914063;-128.3319854736;
5888.4365234375;-128.3714599609;
5956.6225585938;-128.3480224609;
6025.5957031250;-128.3032836914;
6095.3701171875;-128.2816925049;
6165.9497070313;-128.3027954102;
6237.3496093750;-128.3574523926;
6309.5727539063;-128.4160461426;
6382.6357421875;-128.4593811035;
6456.5415039063;-128.4957122803;
6531.3061523438;-128.5388031006;
6606.9335937500;-128.5866394043;
6683.4399414063;-128.6450500488;
6760.8286132813;-128.6694030762;
6839.1171875000;-128.6589813232;
6918.3081054688;-128.6586914063;
6998.4204101563;-128.7058410645;
7079.4560546875;-128.8001403809;
7161.4345703125;-128.9086761475;
7244.3579101563;-128.9035034180;
7328.2456054688;-128.8623199463;
7413.1005859375;-128.8368225098;
7498.9418945313;-128.8630523682;
7585.7778320313;-128.9387359619;
7673.6147460938;-128.9764709473;
7762.4731445313;-128.9906158447;
7852.3559570313;-129.0251312256;
7943.2841796875;-129.0542144775;
8035.2607421875;-128.9939117432;
8128.3066406250;-128.8551177979;
8222.4257812500;-128.7990112305;
8317.6396484375;-128.8459472656;
8413.9501953125;-128.9701080322;
8511.3818359375;-129.0896911621;
8609.9365234375;-129.1740112305;
8709.6367187500;-129.2016754150;
8810.4873046875;-129.1725769043;
8912.5107421875;-129.1269226074;
9015.7099609375;-129.1463623047;
9120.1093750000;-129.2285156250;
9225.7128906250;-129.2653961182;
9332.5439453125;-128.7925567627;
9440.6064453125;-126.9471130371;
9549.9267578125;-125.8060684204;
9660.5068359375;-126.1428985596;
9772.3720703125;-127.5745086670;
9885.5283203125;-128.8864898682;
10000.0000000000;-128.3887939453;
10115.7968750000;-128.6641693115;
10232.9355468750;-128.9071197510;
10351.4189453125;-129.1194458008;
10471.2851562500;-129.2579650879;
10592.5400390625;-129.3706665039;
10715.1982421875;-129.4278564453;
10839.2656250000;-129.4710083008;
10964.7812500000;-129.4972229004;
11091.7500000000;-129.5056457520;
11220.1894531250;-129.5059509277;
11350.1035156250;-129.4918518066;
11481.5351562500;-129.4711456299;
11614.4873046875;-129.4478912354;
11748.9804687500;-129.4290924072;
11885.0166015625;-129.4218292236;
12022.6425781250;-129.4247436523;
12161.8613281250;-129.4474792480;
12302.6923828125;-129.4817810059;
12445.1396484375;-129.5227966309;
12589.2509765625;-129.5676727295;
12735.0312500000;-129.6059722900;
12882.4990234375;-129.6342315674;
13031.6611328125;-129.6495513916;
13182.5634765625;-129.6402435303;
13335.2138671875;-129.6149597168;
13489.6328125000;-129.5815429688;
13645.8388671875;-129.5461425781;
13803.8388671875;-129.5221405029;
13963.6826171875;-129.5127258301;
14125.3789062500;-129.5119934082;
14288.9462890625;-129.5148010254;
14454.3925781250;-129.5148162842;
14621.7705078125;-129.5050659180;
14791.0869140625;-129.4874877930;
14962.3632812500;-129.4667968750;
15135.6064453125;-129.4459991455;
15310.8730468750;-129.4255065918;
15488.1679687500;-129.4022979736;
15667.5166015625;-129.3723449707;
15848.9248046875;-129.3415679932;
16032.4511718750;-129.3277587891;
16218.1025390625;-129.3424987793;
16405.9042968750;-129.3853302002;
16595.8613281250;-129.4461669922;
16788.0371093750;-129.5118560791;
16982.4375000000;-129.5693817139;
17179.0898437500;-129.6033782959;
17378.0000000000;-129.5957641602;
17579.2324218750;-129.5355224609;
17782.7949218750;-129.4806976318;
17988.7148437500;-129.3581695557;
18197.0175781250;-129.2327575684;
18407.7148437500;-129.1147155762;
18620.8710937500;-128.9277954102;
18836.4941406250;-128.7256469727;
19054.6171875000;-128.6120300293;
19275.2421875000;-128.5310668945;
19498.4433593750;-128.4141540527;
19724.2304687500;-128.0003051758;
19952.6328125000;-126.8541488647;
20183.6562500000;-124.9382629395;
20417.3769531250;-122.8753204346;
20653.8046875000;-120.8359832764;
20892.9687500000;-120.4440841675;
21134.8808593750;-121.2885818481;
21379.6171875000;-122.8461074829;
21627.1875000000;-124.7875595093;
21877.6230468750;-126.9957199097;
22130.9355468750;-127.9562149048;
22387.2070312500;-128.1380462646;
22646.4433593750;-128.2568359375;
22908.6835937500;-128.3885498047;
23173.9335937500;-128.5165252686;
23442.2812500000;-128.6215667725;
23713.7363281250;-128.7699584961;
23988.3359375000;-128.8580017090;
24266.1132812500;-128.8817749023;
24547.0820312500;-128.9270324707;
24831.3300781250;-128.9818115234;
25118.8691406250;-128.9958953857;
25409.7402343750;-128.9935302734;
25703.9492187500;-129.0455169678;
26001.5937500000;-129.1572723389;
26302.6835937500;-129.2571411133;
26607.2617187500;-129.2403564453;
26915.3378906250;-129.0626983643;
27227.0097656250;-128.8972625732;
27542.2910156250;-128.9342651367;
27861.2226562500;-129.1364135742;
28183.8164062500;-129.4098815918;
28510.1777343750;-129.6574859619;
28840.3183593750;-129.7903137207;
29174.2812500000;-129.7983093262;
29512.0781250000;-129.7653503418;
29853.8203125000;-129.7572174072;
30199.5175781250;-129.8222351074;
30549.2207031250;-129.8558502197;
30902.9375000000;-129.8771667480;
31260.7851562500;-129.8999786377;
31622.7773437500;-129.9295806885;
31988.9589843750;-129.9644927979;
32359.3828125000;-130.0110778809;
32734.0585937500;-130.0653076172;
33113.1093750000;-130.1276855469;
33496.5507812500;-130.1992187500;
33884.4335937500;-130.2748107910;
34276.7656250000;-130.3613739014;
34673.6835937500;-130.4503173828;
35075.1953125000;-130.5451507568;
35481.3554687500;-130.6378173828;
35892.1796875000;-130.7285614014;
36307.8007812500;-130.7991180420;
36728.2343750000;-130.8563842773;
37153.5390625000;-130.8828582764;
37583.7226562500;-130.8773040771;
38018.9335937500;-130.8511810303;
38459.1796875000;-130.7862701416;
38904.5273437500;-130.7046508789;
39354.9882812500;-130.6088104248;
39810.7070312500;-130.4929656982;
40271.7070312500;-130.3612213135;
40738.0390625000;-130.2138366699;
41209.7304687500;-130.0378570557;
41686.9257812500;-129.8788146973;
42169.6484375000;-129.7649230957;
42657.9648437500;-129.7586364746;
43151.9296875000;-129.9513549805;
43651.5703125000;-130.2688751221;
44157.0429687500;-130.6832885742;
44668.3671875000;-131.1085815430;
45185.6171875000;-131.3959503174;
45708.8046875000;-131.5532989502;
46238.0976562500;-131.5950317383;
46773.5234375000;-131.5635375977;
47315.1484375000;-131.5326995850;
47862.9921875000;-131.5310058594;
48417.2304687500;-131.5583648682;
48977.8867187500;-131.6094360352;
49545.0390625000;-131.6753845215;
50118.7031250000;-131.7573089600;
50699.0625000000;-131.8613739014;
51286.1445312500;-131.9716339111;
51880.0234375000;-132.0501403809;
52480.7187500000;-132.0548248291;
53088.4335937500;-131.9681243896;
53703.1835937500;-131.8225708008;
54325.0507812500;-131.6953430176;
54954.0585937500;-131.6597442627;
55590.4101562500;-131.7364501953;
56234.1328125000;-131.8729705811;
56885.3085937500;-132.0059967041;
57544.0234375000;-132.1187896729;
58210.3046875000;-132.2353210449;
58884.3632812500;-132.3715972900;
59566.2265625000;-132.5119171143;
60255.9882812500;-132.5216369629;
60953.6679687500;-132.3863983154;
61659.4960937500;-132.1759643555;
62373.4960937500;-132.0236053467;
63095.7617187500;-132.0177307129;
63826.3242187500;-132.1465454102;
64565.4140625000;-132.3300933838;
65313.0625000000;-132.4938354492;
66069.3671875000;-132.6104278564;
66834.3593750000;-132.7061462402;
67608.2890625000;-132.7497253418;
68391.1718750000;-132.7687683105;
69183.1250000000;-132.8033142090;
69984.1640625000;-132.8637695313;
70794.5625000000;-132.9501495361;
71614.3437500000;-133.0974731445;
72443.6171875000;-133.1952209473;
73282.4140625000;-133.1981048584;
74131.0078125000;-133.1777801514;
74989.4218750000;-133.1785278320;
75857.7812500000;-133.2144927979;
76736.1875000000;-133.2207946777;
77624.6875000000;-133.1558227539;
78523.5625000000;-133.0581665039;
79432.8437500000;-133.0207519531;
80352.6484375000;-133.0756530762;
81283.0234375000;-133.2430114746;
82224.2578125000;-133.3730621338;
83176.3906250000;-133.4848480225;
84139.5546875000;-133.5399627686;
85113.7734375000;-133.5835876465;
86099.3671875000;-133.5999755859;
87096.3671875000;-133.6166229248;
88104.9218750000;-133.6814117432;
89125.0546875000;-133.7644042969;
90157.1015625000;-133.7666168213;
91201.0937500000;-133.5642852783;
92257.1718750000;-133.2653350830;
93325.3828125000;-133.2057647705;
94406.0703125000;-133.5361175537;
95499.2656250000;-133.6613922119;
96605.1171875000;-133.5213012695;
97723.6718750000;-133.3889312744;
98855.2812500000;-133.4060821533;
100000.0000000000;-133.5990142822;
101157.9687500000;-133.6493682861;
102329.3515625000;-133.6946411133;
103514.1875000000;-133.7351074219;
104712.8515625000;-133.7611694336;
105925.3984375000;-133.7826690674;
107151.9843750000;-133.7972869873;
108392.6562500000;-133.8177642822;
109647.8125000000;-133.8453063965;
110917.5000000000;-133.8932800293;
112201.8984375000;-133.9496002197;
113501.0390625000;-134.0193328857;
114815.3437500000;-134.0877227783;
116144.8750000000;-134.1526947021;
117489.8046875000;-134.1997528076;
118850.1718750000;-134.2256164551;
120226.4218750000;-134.2322235107;
121618.6093750000;-134.1985015869;
123026.9218750000;-134.1307067871;
124451.3984375000;-134.0420074463;
125892.5156250000;-133.9385070801;
127350.3125000000;-133.8717803955;
128824.9921875000;-133.8553314209;
130316.6093750000;-133.9001464844;
131825.6406250000;-134.0337524414;
133352.1406250000;-134.1965484619;
134896.3281250000;-134.3608245850;
136458.3906250000;-134.5061187744;
138038.3906250000;-134.6069030762;
139636.8281250000;-134.6807556152;
141253.7812500000;-134.7422790527;
142889.4687500000;-134.7977447510;
144543.9218750000;-134.8503417969;
146217.7031250000;-134.8970794678;
147910.8593750000;-134.9398498535;
149623.6250000000;-134.9871520996;
151356.0625000000;-135.0502166748;
153108.7187500000;-135.1398620605;
154881.6875000000;-135.2607269287;
156675.1718750000;-135.4028625488;
158489.2500000000;-135.5305938721;
160324.5156250000;-135.6140289307;
162181.0312500000;-135.6552734375;
164059.0312500000;-135.6772918701;
165958.6093750000;-135.7015533447;
167880.3593750000;-135.7321166992;
169824.3750000000;-135.7596282959;
171790.8906250000;-135.7795715332;
173779.9843750000;-135.8033905029;
175792.3125000000;-135.8497161865;
177827.9375000000;-135.8887481689;
179887.1406250000;-135.9822540283;
181970.1875000000;-136.0807952881;
184077.1406250000;-136.1567230225;
186208.7031250000;-136.1799011230;
188364.9531250000;-136.0949707031;
190546.1562500000;-135.9880981445;
192752.4218750000;-135.9037933350;
194984.4375000000;-135.8981018066;
197242.3125000000;-135.9842834473;
199526.3125000000;-136.1257171631;
201836.5625000000;-136.2749786377;
204173.7656250000;-136.4143981934;
206538.0468750000;-136.6297302246;
208929.7031250000;-136.8625488281;
211348.8125000000;-137.0106811523;
213796.1718750000;-137.1406555176;
216271.8750000000;-137.2479705811;
218776.2343750000;-137.3563537598;
221309.3593750000;-137.4212951660;
223872.0625000000;-137.4607238770;
226464.4375000000;-137.5178070068;
229086.8281250000;-137.6241607666;
231739.3437500000;-137.6942901611;
234422.8125000000;-137.6956481934;
237137.3750000000;-137.6913604736;
239883.3593750000;-137.7533264160;
242661.1406250000;-137.8500366211;
245470.8125000000;-138.0110931396;
248313.2968750000;-138.1173095703;
251188.7031250000;-138.1063537598;
254097.3906250000;-138.0213012695;
257039.4843750000;-137.9505310059;
260015.9375000000;-137.9785766602;
263026.8437500000;-138.1459503174;
266072.6250000000;-138.3923187256;
269153.3750000000;-138.6228179932;
272270.0937500000;-138.7187347412;
275422.9062500000;-138.6646118164;
278612.2187500000;-138.6428527832;
281838.1562500000;-138.7704772949;
285101.7812500000;-138.9849853516;
288403.1875000000;-139.1772766113;
291742.8125000000;-139.2298278809;
295120.7812500000;-139.1019134521;
298538.1875000000;-138.9297790527;
301995.1875000000;-138.9129486084;
305492.2187500000;-138.8780364990;
309029.3750000000;-138.7967071533;
312607.8437500000;-138.6885833740;
316227.7812500000;-138.5348052979;
319889.5937500000;-138.3474578857;
323593.8125000000;-138.1454772949;
327340.5937500000;-137.9750213623;
331131.0937500000;-137.8556213379;
334965.5000000000;-137.8112030029;
338844.3125000000;-137.9109802246;
342767.6562500000;-138.0847625732;
346736.8125000000;-138.3825683594;
350751.9375000000;-138.7468261719;
354813.5312500000;-139.1380615234;
358921.7812500000;-139.5281219482;
363078.0000000000;-139.8648681641;
367282.3437500000;-140.1546325684;
371535.3750000000;-140.3691864014;
375837.2500000000;-140.5108032227;
380189.3437500000;-140.6100921631;
384591.8125000000;-140.6702880859;
389045.2812500000;-140.6800231934;
393549.8750000000;-140.6454772949;
398107.0937500000;-140.5537414551;
402717.0625000000;-140.3851776123;
407380.4062500000;-140.0879058838;
412097.3125000000;-139.7278289795;
416869.2812500000;-139.3393707275;
421696.5000000000;-138.9622497559;
426579.6250000000;-138.6592559814;
431519.3125000000;-138.4602355957;
436515.6875000000;-138.3568115234;
441570.4375000000;-138.3503723145;
446683.6875000000;-138.4393005371;
451856.1562500000;-138.6177673340;
457088.0312500000;-138.8740844727;
462380.9687500000;-139.1723480225;
467735.2187500000;-139.5136718750;
473151.4687500000;-139.9222259521;
478629.9062500000;-140.4153900146;
484172.3125000000;-140.9485321045;
489778.8750000000;-141.2859497070;
495450.3750000000;-140.8557281494;
501187.0000000000;-138.9856872559;
506990.6250000000;-136.0876464844;
512861.4375000000;-133.3334197998;
518800.2187500000;-131.3337402344;
524807.1875000000;-130.2942352295;
530884.3125000000;-130.2520751953;
537031.8125000000;-131.2604064941;
543250.5000000000;-133.2914276123;
549540.5625000000;-136.2566680908;
555904.1250000000;-139.7518157959;
562341.3125000000;-142.6515808105;
568853.0625000000;-143.9449462891;
575440.2500000000;-144.2444458008;
582103.0625000000;-144.2775573730;
588843.6250000000;-143.0598602295;
595662.2500000000;-139.4981842041;
602559.8750000000;-136.5128021240;
609536.6875000000;-134.2148590088;
616594.9375000000;-132.8698272705;
623734.9375000000;-132.5376892090;
630957.6250000000;-133.2276916504;
638263.2500000000;-136.0529632568;
645654.1250000000;-140.8407745361;
653130.6250000000;-143.8171081543;
660693.6875000000;-145.4077911377;
668343.6250000000;-145.9398193359;
676082.8750000000;-146.0682983398;
683911.6875000000;-146.1155395508;
691831.1875000000;-146.1804046631;
699841.6875000000;-146.2480316162;
707945.6250000000;-146.2624816895;
716143.4375000000;-145.3471374512;
724436.1875000000;-141.8921051025;
732824.1250000000;-138.4418640137;
741310.0625000000;-134.3989105225;
749894.1875000000;-132.5160827637;
758577.7500000000;-133.0382690430;
767361.8750000000;-135.6696624756;
776246.8750000000;-138.6893615723;
785235.6250000000;-143.5466003418;
794328.4375000000;-146.7412261963;
803526.5000000000;-147.1367492676;
812830.2500000000;-147.2540893555;
822242.5625000000;-147.3957519531;
831763.9375000000;-147.8068695068;
841395.5000000000;-148.1589050293;
851137.6875000000;-148.2799224854;
860993.6250000000;-148.2487182617;
870963.6875000000;-148.2221984863;
881049.2500000000;-148.2973327637;
891250.5625000000;-148.4042205811;
901571.0000000000;-148.5401916504;
912010.9375000000;-148.7029571533;
922571.7500000000;-148.8021697998;
933253.8750000000;-148.9023742676;
944060.6875000000;-149.0471954346;
954992.6250000000;-149.2525939941;
966051.1875000000;-149.4449005127;
977236.6875000000;-149.5246276855;
988552.8125000000;-149.5216979980;
1000000.0000000000;-149.5610809326;
