Window;1;Noise Spectrum;
Trace;1;
1.0000000000;-80.3403015137;
1.0115795135;-80.3971786499;
1.0232930183;-80.4041442871;
1.0351421833;-80.3639373779;
1.0471285582;-80.3237380981;
1.0592536926;-80.2835388184;
1.0715192556;-80.2433395386;
1.0839269161;-80.2004547119;
1.0964782238;-80.1494674683;
1.1091748476;-80.0984725952;
1.1220184565;-80.0474777222;
1.1350108385;-79.9964904785;
1.1481536627;-79.9689712524;
1.1614485979;-80.0007019043;
1.1748975515;-80.0324401855;
1.1885021925;-80.0641784668;
1.2022644281;-80.0959167480;
1.2161860466;-80.2054901123;
1.2302688360;-80.3697128296;
1.2445145845;-80.5339431763;
1.2589254379;-80.6981658936;
1.2735030651;-80.8832550049;
1.2882494926;-81.2052307129;
1.3031667471;-81.5272140503;
1.3182567358;-81.8491973877;
1.3335214853;-82.1711730957;
1.3489629030;-82.6355438232;
1.3645831347;-83.1167221069;
1.3803843260;-83.5979003906;
1.3963683844;-84.0790863037;
1.4125375748;-84.6717147827;
1.4288939238;-85.2834472656;
1.4454398155;-85.8951797485;
1.4621771574;-86.5069122314;
1.4791084528;-87.2444305420;
1.4962356091;-87.9828643799;
1.5135612488;-88.7213134766;
1.5310875177;-89.5314331055;
1.5488165617;-90.5120239258;
1.5667510033;-91.4926300049;
1.5848932266;-92.4732360840;
1.6032453775;-93.1944427490;
1.6218100786;-93.8293075562;
1.6405898333;-94.4641647339;
1.6595869064;-94.6241455078;
1.6788040400;-93.8768005371;
1.6982436180;-93.1294555664;
1.7179083824;-92.3893585205;
1.7378008366;-91.7526779175;
1.7579236031;-91.1159973145;
1.7782794237;-90.4793167114;
1.7988709211;-90.2318420410;
1.8197008371;-90.0244445801;
1.8407719135;-89.8170547485;
1.8620871305;-89.9792480469;
1.8836491108;-90.2022857666;
1.9054607153;-90.4253234863;
1.9275249243;-90.8259658813;
1.9498445988;-91.2433242798;
1.9724227190;-91.6276397705;
1.9952623844;-91.5436859131;
2.0183663368;-91.4597320557;
2.0417380333;-91.2173080444;
2.0653800964;-90.6192550659;
2.0892961025;-90.0211944580;
2.1134889126;-89.4214935303;
2.1379621029;-88.8208312988;
2.1627185345;-88.2298583984;
2.1877615452;-87.8570938110;
2.2130947113;-87.4843215942;
2.2387211323;-87.2701950073;
2.2646441460;-87.1998214722;
2.2908678055;-87.1513137817;
2.3173947334;-87.3623123169;
2.3442287445;-87.5733032227;
2.3713736534;-87.8725051880;
2.3988327980;-88.2098999023;
2.4266099930;-88.4851608276;
2.4547088146;-88.6596908569;
2.4831330776;-88.8030166626;
2.5118863583;-88.7285461426;
2.5409727097;-88.6540756226;
2.5703957081;-88.5826187134;
2.6001594067;-88.5113983154;
2.6302678585;-88.6090621948;
2.6607251167;-88.7539596558;
2.6915347576;-89.0911331177;
2.7227013111;-89.5153656006;
2.7542285919;-90.0820617676;
2.7861211300;-90.7273406982;
2.8183827400;-91.3188323975;
2.8510184288;-91.8810729980;
2.8840315342;-91.9650268555;
2.9174270630;-91.8398056030;
2.9512093067;-91.2623062134;
2.9853825569;-90.5621566772;
3.0199515820;-90.0069885254;
3.0549211502;-89.5112152100;
3.0902955532;-89.4862213135;
3.1260793209;-89.6528472900;
3.1622776985;-90.2686767578;
3.1988949776;-91.2536468506;
3.2359364033;-92.5477600098;
3.2734067440;-93.9669799805;
3.3113110065;-95.2061386108;
3.3496541977;-95.1490173340;
3.3884413242;-94.9066238403;
3.4276781082;-94.4659576416;
3.4673686028;-94.2154769897;
3.5075187683;-94.0172653198;
3.5481340885;-93.8775863647;
3.5892193317;-93.7592620850;
3.6307804585;-93.6264648438;
3.6728229523;-93.3727416992;
3.7153522968;-92.8714218140;
3.7583739758;-92.2023544312;
3.8018937111;-91.3549728394;
3.8459177017;-90.6068115234;
3.8904511929;-89.9802093506;
3.9355010986;-89.5691375732;
3.9810719490;-89.4067916870;
4.0271706581;-89.4056091309;
4.0738029480;-89.5665893555;
4.1209754944;-89.9576873779;
4.1686940193;-90.5307006836;
4.2169651985;-91.2245941162;
4.2657952309;-92.0101013184;
4.3151907921;-92.8610763550;
4.3651580811;-93.9225463867;
4.4157042503;-95.4153747559;
4.4668354988;-97.6451187134;
4.5185589790;-100.9418106079;
4.5708823204;-105.5526962280;
4.6238102913;-105.3064346313;
4.6773514748;-102.4096908569;
4.7315125465;-99.3581008911;
4.7863011360;-97.5755996704;
4.8417239189;-96.9372863770;
4.8977880478;-97.2383880615;
4.9545016289;-98.4006729126;
5.0118722916;-100.0405349731;
5.0699067116;-101.4516372681;
5.1286134720;-101.6258163452;
5.1880002022;-100.2697601318;
5.2480750084;-98.2891769409;
5.3088445663;-96.6989593506;
5.3703184128;-95.9508590698;
5.4325037003;-96.1158752441;
5.4954090118;-96.9849395752;
5.5590424538;-97.6306076050;
5.6234130859;-98.4354553223;
5.6885290146;-98.5356216431;
5.7543992996;-98.2940368652;
5.8210320473;-98.0381546021;
5.8884363174;-97.9010543823;
5.9566211700;-98.0799636841;
6.0255956650;-98.8154678345;
6.0953693390;-100.1374282837;
6.1659502983;-101.4419326782;
6.2373485565;-100.9428176880;
6.3095736504;-98.8842468262;
6.3826351166;-97.0595550537;
6.4565424919;-95.3127059937;
6.5313053131;-94.1588516235;
6.6069345474;-93.7022247314;
6.6834387779;-93.5271911621;
6.7608294487;-93.4271087646;
6.8391160965;-92.7982025146;
6.9183092117;-92.1303100586;
6.9984202385;-92.2705307007;
7.0794582367;-93.0561904907;
7.1614346504;-94.6902084351;
7.2443599701;-95.2017745972;
7.3282456398;-94.7798843384;
7.4131026268;-94.9940719604;
7.4989418983;-96.5368576050;
7.5857758522;-98.1448211670;
7.6736145020;-98.6784210205;
7.7624707222;-99.0329437256;
7.8523559570;-100.3274230957;
7.9432821274;-102.5671844482;
8.0352611542;-103.2389526367;
8.1283054352;-100.3197174072;
8.2224273682;-98.3618621826;
8.3176383972;-98.8538360596;
8.4139518738;-100.8701324463;
8.5113801956;-102.6740875244;
8.6099376678;-103.8812255859;
8.7096357346;-103.6582260132;
8.8104887009;-100.8759918213;
8.9125089645;-98.1744384766;
9.0157108307;-97.4024276733;
9.1201076508;-99.9875411987;
9.2257137299;-104.1016616821;
9.3325433731;-103.2207260132;
9.4406089783;-101.7440719604;
9.5499258041;-105.0400085449;
9.6605091095;-108.8021163940;
9.7723722458;-105.3425216675;
9.8855314255;-100.7073287964;
10.0000000000;-100.0606460571;
10.1157941818;-99.7433776855;
10.2329292297;-99.3996887207;
10.3514213562;-99.0713119507;
10.4712848663;-98.7823181152;
10.5925369263;-98.5392761230;
10.7151927948;-98.3360824585;
10.8392686844;-98.1610641479;
10.9647808075;-98.0044784546;
11.0917472839;-97.8926162720;
11.2201833725;-97.7687225342;
11.3501071930;-97.6778869629;
11.4815349579;-97.6326217651;
11.6144876480;-97.6405487061;
11.7489767075;-97.6991043091;
11.8850231171;-97.8391494751;
12.0226459503;-97.9516601563;
12.1618614197;-97.9658966064;
12.3026885986;-97.9413146973;
12.4451465607;-97.9114608765;
12.5892543793;-97.9088897705;
12.7350311279;-97.9485321045;
12.8824958801;-98.0276031494;
13.0316677094;-98.2036895752;
13.1825675964;-98.4376220703;
13.3352146149;-98.6400985718;
13.4896287918;-98.8692932129;
13.6458311081;-99.0847549438;
13.8038425446;-99.2135620117;
13.9636831284;-99.0520935059;
14.1253747940;-98.8200988770;
14.2889385223;-98.5948181152;
14.4543962479;-98.7077331543;
14.6217708588;-99.0717163086;
14.7910823822;-99.6356735229;
14.9623546600;-100.6781616211;
15.1356105804;-101.6640853882;
15.3108730316;-102.1174850464;
15.4881677628;-102.0982971191;
15.6675128937;-101.8957824707;
15.8489332199;-101.5365447998;
16.0324554443;-101.2143478394;
16.2181015015;-101.0033950806;
16.4058990479;-100.9530792236;
16.5958709717;-101.1837310791;
16.7880401611;-101.6461105347;
16.9824371338;-102.2159118652;
17.1790847778;-102.6483688354;
17.3780078888;-102.7270889282;
17.5792369843;-102.4386749268;
17.7827949524;-102.0374832153;
17.9887084961;-101.5953750610;
18.1970081329;-101.2567367554;
18.4077186584;-101.1683425903;
18.6208705902;-101.4121093750;
18.8364906311;-101.7418136597;
19.0546054840;-101.9743499756;
19.2752475739;-102.0159683228;
19.4984436035;-101.8877258301;
19.7242259979;-101.7356643677;
19.9526214600;-101.5923538208;
20.1836605072;-101.4460067749;
20.4173774719;-101.4207916260;
20.6538047791;-101.6001892090;
20.8929634094;-101.4225387573;
21.1348934174;-100.5553207397;
21.3796234131;-99.7257614136;
21.6271877289;-99.6541976929;
21.8776187897;-100.4727325439;
22.1309490204;-101.7107620239;
22.3872127533;-102.4193115234;
22.6464443207;-102.3786239624;
22.9086780548;-102.3405838013;
23.1739463806;-102.7119750977;
23.4422893524;-103.3347625732;
23.7137374878;-103.8327789307;
23.9883289337;-103.9706649780;
24.2660999298;-103.7216720581;
24.5470886230;-102.8977508545;
24.8313293457;-101.8699188232;
25.1188621521;-101.2752685547;
25.4097251892;-101.0734252930;
25.7039566040;-101.2884674072;
26.0015926361;-101.9016418457;
26.3026771545;-102.8740997314;
26.6072483063;-103.6536560059;
26.9153442383;-103.9278106689;
27.2270088196;-104.3693847656;
27.5422897339;-104.8953552246;
27.8612155914;-104.8311538696;
28.1838321686;-103.7468948364;
28.5101852417;-102.3163299561;
28.8403167725;-101.8847427368;
29.1742725372;-102.5052261353;
29.5120944977;-102.7449188232;
29.8538284302;-102.2621536255;
30.1995182037;-103.1955795288;
30.5492115021;-103.4626922607;
30.9029541016;-103.8194656372;
31.2607936859;-104.1968688965;
31.6227760315;-104.5731353760;
31.9889507294;-104.9117202759;
32.3593635559;-105.1697387695;
32.7340698242;-105.3778991699;
33.1131095886;-105.5462265015;
33.4965438843;-105.7045364380;
33.8844146729;-105.8895568848;
34.2767753601;-106.0812225342;
34.6736831665;-106.2495956421;
35.0751838684;-106.3330459595;
35.4813346863;-106.2261352539;
35.8921890259;-105.9930419922;
36.3078002930;-105.6916961670;
36.7282333374;-105.3837280273;
37.1535263062;-105.1221771240;
37.5837440491;-104.9256286621;
38.0189437866;-104.7487258911;
38.4591827393;-104.5569458008;
38.9045181274;-104.3392028809;
39.3550109863;-104.1067428589;
39.8107185364;-103.8917922974;
40.2717056274;-103.7406311035;
40.7380294800;-103.7041397095;
41.2097511292;-103.8274307251;
41.6869392395;-104.1472167969;
42.1696510315;-104.6553878784;
42.6579513550;-105.3127441406;
43.1519050598;-106.0503387451;
43.6515808105;-106.7623596191;
44.1570434570;-107.3220062256;
44.6683578491;-107.6748962402;
45.1855926514;-107.6570510864;
45.7088165283;-107.4322052002;
46.2380981445;-107.0822067261;
46.7735099792;-106.6795349121;
47.3151206970;-106.2879028320;
47.8630027771;-105.9506454468;
48.4172286987;-105.6657714844;
48.9778900146;-105.3795089722;
49.5450248718;-105.0204086304;
50.1187286377;-104.3006210327;
50.6990776062;-103.6132431030;
51.2861442566;-103.3515396118;
51.8800086975;-103.3527374268;
52.4807510376;-103.6493301392;
53.0884475708;-104.2087707520;
53.7031822205;-105.2098541260;
54.3250350952;-105.8491744995;
54.9540901184;-105.8207244873;
55.5904273987;-105.6074600220;
56.2341308594;-105.3936004639;
56.8852920532;-105.4703826904;
57.5439910889;-105.5419235229;
58.2103195190;-105.6562194824;
58.8843612671;-105.7695159912;
59.5662117004;-105.8440704346;
60.2559547424;-105.9544906616;
60.9536857605;-106.0639801025;
61.6594963074;-106.1360626221;
62.3734779358;-106.2428588867;
63.0957260132;-106.3725128174;
63.8263397217;-107.6697540283;
64.5654144287;-107.7860794067;
65.3130645752;-107.4395217896;
66.0693511963;-107.1409225464;
66.8343963623;-106.9524307251;
67.6083068848;-106.7557525635;
68.3911743164;-106.6377716064;
69.1831054688;-106.7267608643;
69.9842071533;-106.9859237671;
70.7945785522;-107.1427917480;
71.6143417358;-107.0079116821;
72.4435958862;-106.7024841309;
73.2824554443;-106.6455154419;
74.1310272217;-106.8869476318;
74.9894180298;-107.5734939575;
75.8577575684;-108.5559005737;
76.7361450195;-109.1295547485;
77.6247100830;-109.1188812256;
78.5235595703;-108.8023757935;
79.4328155518;-108.7585983276;
80.3526077271;-108.8202056885;
81.2830429077;-108.8655395508;
82.2242584229;-108.9811096191;
83.1763687134;-108.9541931152;
84.1395034790;-108.6369552612;
85.1137924194;-108.2553482056;
86.0993652344;-107.8868942261;
87.0963668823;-107.6636886597;
88.1048965454;-107.6334381104;
89.1251068115;-107.8992385864;
90.1571197510;-108.7183303833;
91.2010955811;-109.8459243774;
92.2571487427;-110.2622604370;
93.3254394531;-109.4831085205;
94.4060897827;-108.4628906250;
95.4992599487;-107.9976425171;
96.6050872803;-108.2866592407;
97.7237243652;-108.5856094360;
98.8553085327;-108.5801849365;
100.0000000000;-109.0475311279;
101.1579742432;-109.1515045166;
102.3292999268;-109.2657394409;
103.5142440796;-109.3896789551;
104.7128524780;-109.5294799805;
105.9253921509;-109.6757278442;
107.1519241333;-109.8412246704;
108.3927154541;-110.0135879517;
109.6478118896;-110.1942291260;
110.9175033569;-110.3710784912;
112.2018356323;-110.5368881226;
113.5010986328;-110.6694564819;
114.8153457642;-110.7396011353;
116.1448745728;-110.7639770508;
117.4897384644;-110.6900329590;
118.8502349854;-110.5708999634;
120.2264251709;-110.4253540039;
121.6186141968;-110.2858428955;
123.0268554688;-110.2015075684;
124.4514694214;-110.1725387573;
125.8925170898;-110.2348022461;
127.3503112793;-110.3796615601;
128.8249206543;-110.5449600220;
130.3166809082;-110.7070083618;
131.8256378174;-110.7696914673;
133.3521423340;-110.7291641235;
134.8963165283;-110.6250686646;
136.4583129883;-110.4881820679;
138.0384674072;-110.3907165527;
139.6368255615;-110.3576660156;
141.2537841797;-110.3655166626;
142.8893890381;-110.3992843628;
144.5440063477;-110.4452514648;
146.2176971436;-110.5257415771;
147.9108581543;-110.6792449951;
149.6235504150;-110.9044189453;
151.3561553955;-111.1700897217;
153.1087188721;-111.4247436523;
154.8816833496;-111.6158828735;
156.6750793457;-111.7235870361;
158.4893341064;-111.7587585449;
160.3245086670;-111.7372512817;
162.1810302734;-111.6599655151;
164.0589447021;-111.5551910400;
165.9586944580;-111.4678192139;
167.8803710938;-111.4059524536;
169.8243713379;-111.2796783447;
171.7908020020;-110.9136886597;
173.7800903320;-110.2087860107;
175.7923126221;-109.3220214844;
177.8279418945;-108.8003845215;
179.8871459961;-108.3151016235;
181.9700775146;-108.4097900391;
184.0772399902;-109.0803451538;
186.2087097168;-110.6104049683;
188.3649444580;-111.7826538086;
190.5460662842;-111.9834594727;
192.7525329590;-112.0114212036;
194.9844360352;-112.0694274902;
197.2423095703;-112.2133407593;
199.5262145996;-112.4045486450;
201.8366699219;-112.5559692383;
204.1737670898;-112.5738983154;
206.5380401611;-112.3098526001;
208.9295806885;-112.0000839233;
211.3489227295;-111.9349670410;
213.7961730957;-112.0190811157;
216.2718658447;-112.2097320557;
218.7761230469;-112.4878845215;
221.3094787598;-112.6034317017;
223.8720703125;-112.6135253906;
226.4644470215;-112.5385513306;
229.0867156982;-111.0639114380;
231.7394714355;-108.0564041138;
234.4228210449;-105.9636917114;
237.1373748779;-104.2001037598;
239.8833618164;-104.1098251343;
242.6610107422;-105.1303710938;
245.4709472656;-107.7689514160;
248.3132934570;-110.8460006714;
251.1887054443;-112.2983322144;
254.0972595215;-112.9404754639;
257.0396423340;-113.2599258423;
260.0159301758;-113.3561019897;
263.0268554688;-113.4116973877;
266.0724792480;-113.4904632568;
269.1535339355;-113.3860397339;
272.2700805664;-113.2285537720;
275.4229125977;-113.2296066284;
278.6120605469;-113.2881851196;
281.8383178711;-113.2671508789;
285.1017761230;-113.1852874756;
288.4031677246;-112.9779510498;
291.7426452637;-111.5652084351;
295.1209411621;-109.4924926758;
298.5382080078;-107.9642486572;
301.9951782227;-110.8444900513;
305.4920349121;-111.0225143433;
309.0295410156;-111.3169174194;
312.6078491211;-111.5655288696;
316.2277526855;-111.6068649292;
319.8895874023;-111.5269012451;
323.5936584473;-111.1806259155;
327.3407592773;-110.8247833252;
331.1311035156;-110.4587631226;
334.9655151367;-110.3212509155;
338.8441467285;-110.2848434448;
342.7678527832;-110.6569137573;
346.7368164063;-111.1290893555;
350.7519226074;-111.8637008667;
354.8133544922;-112.6279449463;
358.9219970703;-113.4183654785;
363.0780029297;-113.9976882935;
367.2823486328;-114.4742050171;
371.5351867676;-114.7350692749;
375.8374328613;-114.8819198608;
380.1893310547;-114.9588394165;
384.5918273926;-114.9291305542;
389.0450744629;-114.8053207397;
393.5501098633;-114.5954284668;
398.1070861816;-114.1543884277;
402.7170410156;-113.6300506592;
407.3801879883;-113.0543594360;
412.0975341797;-112.5973281860;
416.8692626953;-112.3939437866;
421.6965026855;-112.4339218140;
426.5796203613;-112.8156890869;
431.5190734863;-113.4790649414;
436.5159301758;-114.1856689453;
441.5704345703;-114.8454055786;
446.6836853027;-115.2450408936;
451.8559265137;-115.3879318237;
457.0882873535;-115.4024429321;
462.3809814453;-115.3462753296;
467.7352294922;-115.2826843262;
473.1512145996;-115.2785644531;
478.6301574707;-115.3227539063;
484.1723022461;-115.3792877197;
489.7788696289;-115.4068145752;
495.4501037598;-115.3701400757;
501.1872863770;-115.2978134155;
506.9906311035;-115.2675476074;
512.8614501953;-115.2344284058;
518.7999267578;-115.0884628296;
524.8074951172;-114.7797775269;
530.8843383789;-114.4033432007;
537.0317993164;-114.1909408569;
543.2501831055;-114.3572616577;
549.5408935547;-114.9566726685;
555.9041137695;-115.8206329346;
562.3413085938;-116.5413208008;
568.8530883789;-116.8165588379;
575.4399414063;-116.6822586060;
582.1033325195;-116.3629455566;
588.8436279297;-116.0611114502;
595.6622924805;-115.8861694336;
602.5595703125;-115.9711685181;
609.5369873047;-116.2103271484;
616.5949707031;-116.4544219971;
623.7349243164;-116.3970336914;
630.9572753906;-115.3494567871;
638.2636108398;-112.9903106689;
645.6541137695;-110.3460083008;
653.1306152344;-108.4143142700;
660.6933593750;-107.5607299805;
668.3439941406;-108.4903335571;
676.0828857422;-111.5012817383;
683.9116821289;-114.1135559082;
691.8308105469;-116.1637649536;
699.8420410156;-117.0545043945;
707.9456176758;-117.0897064209;
716.1434326172;-116.8298339844;
724.4357910156;-116.9323043823;
732.8245239258;-117.1798782349;
741.3100585938;-117.3336868286;
749.8942260742;-117.1004409790;
758.5777587891;-116.2781219482;
767.3614501953;-115.4286727905;
776.2473144531;-114.6735610962;
785.2355957031;-115.0831298828;
794.3284301758;-116.0593338013;
803.5260620117;-117.4390563965;
812.8306884766;-118.0772857666;
822.2425537109;-118.1298751831;
831.7639160156;-118.0640792847;
841.3950195313;-118.0162200928;
851.1381835938;-118.0317687988;
860.9936523438;-117.9896087646;
870.9636840820;-117.3845901489;
881.0487670898;-115.6044158936;
891.2510375977;-113.5844039917;
901.5709838867;-113.0800476074;
912.0109252930;-114.6459808350;
922.5712280273;-117.1333389282;
933.2543334961;-118.3182220459;
944.0606689453;-118.4801635742;
954.9926147461;-118.4647750854;
966.0506591797;-118.4602050781;
977.2372436523;-118.4823608398;
988.5528564453;-117.6799087524;
1000.0000000000;-114.2101440430;
1011.5797119141;-114.0697402954;
1023.2929687500;-114.1132507324;
1035.1424560547;-114.3304824829;
1047.1285400391;-114.7652969360;
1059.2539062500;-115.2570495605;
1071.5192871094;-115.7532806396;
1083.9271240234;-116.1156768799;
1096.4781494141;-116.3164749146;
1109.1750488281;-116.2945632935;
1122.0183105469;-116.2274169922;
1135.0109863281;-116.1620712280;
1148.1534423828;-116.1884613037;
1161.4487304688;-116.2619171143;
1174.8973388672;-116.3484497070;
1188.5023193359;-116.2860260010;
1202.2642822266;-116.0846252441;
1216.1861572266;-115.5784225464;
1230.2685546875;-114.8100585938;
1244.5146484375;-113.7803802490;
1258.9251708984;-112.3230667114;
1273.5031738281;-110.4917602539;
1288.2492675781;-108.6166000366;
1303.1667480469;-106.8177032471;
1318.2563476563;-105.4646377563;
1333.5214843750;-104.5854187012;
1348.9632568359;-104.1709060669;
1364.5831298828;-104.2538833618;
1380.3846435547;-105.0014343262;
1396.3682861328;-106.3068008423;
1412.5378417969;-107.9669265747;
1428.8939208984;-109.6745376587;
1445.4400634766;-110.9608840942;
1462.1770019531;-111.0461654663;
1479.1086425781;-110.7234420776;
1496.2354736328;-110.5857009888;
1513.5615234375;-110.8903503418;
1531.0872802734;-111.6767349243;
1548.8167724609;-112.7614059448;
1566.7508544922;-113.7019805908;
1584.8933105469;-113.8943328857;
1603.2451171875;-113.6739807129;
1621.8101806641;-113.4967117310;
1640.5894775391;-113.5308609009;
1659.5870361328;-113.6981658936;
1678.8035888672;-113.8373794556;
1698.2437744141;-113.9024658203;
1717.9079589844;-114.0258865356;
1737.8009033203;-114.3941268921;
1757.9230957031;-115.0506210327;
1778.2794189453;-115.5219192505;
1798.8713378906;-116.0509490967;
1819.7008056641;-115.8577880859;
1840.7724609375;-115.2428436279;
1862.0870361328;-114.9524917603;
1883.6495361328;-115.7842559814;
1905.4605712891;-116.6973037720;
1927.5252685547;-117.2245025635;
1949.8444824219;-117.2250366211;
1972.4230957031;-117.1377334595;
1995.2620849609;-117.3149414063;
2018.3666992188;-117.6796798706;
2041.7376708984;-117.8134002686;
2065.3803710938;-117.1716690063;
2089.2958984375;-116.6611022949;
2113.4892578125;-116.9241180420;
2137.9616699219;-117.5813827515;
2162.7187500000;-118.2078323364;
2187.7612304688;-118.2750854492;
2213.0949707031;-118.0880966187;
2238.7207031250;-118.3605041504;
2264.6442871094;-118.9375076294;
2290.8671875000;-119.6821670532;
2317.3947753906;-119.8809967041;
2344.2282714844;-119.8418121338;
2371.3737792969;-119.8999938965;
2398.8334960938;-120.0174713135;
2426.6101074219;-120.0652542114;
2454.7094726563;-120.0839462280;
2483.1330566406;-119.9855575562;
2511.8869628906;-119.4246292114;
2540.9726562500;-118.5623931885;
2570.3962402344;-118.0938720703;
2600.1594238281;-118.3167114258;
2630.2685546875;-118.6333999634;
2660.7248535156;-118.2648696899;
2691.5351562500;-117.8282394409;
2722.7009277344;-118.0498504639;
2754.2290039063;-118.7767715454;
2786.1208496094;-119.3457794189;
2818.3833007813;-119.6203918457;
2851.0178222656;-119.8866806030;
2884.0317382813;-120.0294876099;
2917.4265136719;-119.9182739258;
2951.2094726563;-119.7941665649;
2985.3820800781;-119.2600326538;
3019.9519042969;-118.8308868408;
3054.9204101563;-118.6916885376;
3090.2954101563;-118.6470108032;
3126.0786132813;-118.6248245239;
3162.2775878906;-118.7044525146;
3198.8959960938;-118.8110275269;
3235.9365234375;-118.9767608643;
3273.4077148438;-119.1553039551;
3311.3110351563;-119.3474655151;
3349.6550292969;-119.5189895630;
3388.4414062500;-119.6813735962;
3427.6784667969;-119.7904357910;
3467.3681640625;-119.8852462769;
3507.5192871094;-119.9416046143;
3548.1335449219;-119.9753189087;
3589.2199707031;-119.9891052246;
3630.7800292969;-119.9586257935;
3672.8234863281;-119.9145050049;
3715.3518066406;-119.8484268188;
3758.3745117188;-119.8072967529;
3801.8933105469;-119.7886581421;
3845.9182128906;-119.8619766235;
3890.4506835938;-119.9975280762;
3935.5009765625;-120.1852188110;
3981.0708007813;-120.4284896851;
4027.1704101563;-120.6548080444;
4073.8017578125;-120.8577957153;
4120.9750976563;-120.9721603394;
4168.6928710938;-121.0159454346;
4216.9648437500;-121.0083084106;
4265.7963867188;-120.9533691406;
4315.1904296875;-120.8898239136;
4365.1591796875;-120.8391723633;
4415.7041015625;-120.8091049194;
4466.8369140625;-120.8138656616;
4518.5590820313;-120.8380584717;
4570.8828125000;-120.8595657349;
4623.8095703125;-120.8653182983;
4677.3520507813;-120.8398132324;
4731.5122070313;-120.7878112793;
4786.3017578125;-120.7498779297;
4841.7231445313;-120.7469482422;
4897.7890625000;-120.7896575928;
4954.5009765625;-120.8730087280;
5011.8730468750;-120.9687347412;
5069.9062500000;-121.0363464355;
5128.6142578125;-121.0545043945;
5187.9995117188;-121.0187072754;
5248.0747070313;-120.9484863281;
5308.8432617188;-120.8788146973;
5370.3183593750;-120.8329162598;
5432.5019531250;-120.7893142700;
5495.4086914063;-120.6926116943;
5559.0410156250;-120.5179061890;
5623.4130859375;-120.3056945801;
5688.5307617188;-120.1088256836;
5754.3994140625;-119.9716567993;
5821.0336914063;-119.9272232056;
5888.4365234375;-119.9658737183;
5956.6225585938;-120.0267944336;
6025.5957031250;-120.0026245117;
6095.3701171875;-119.9090118408;
6165.9497070313;-119.7990493774;
6237.3496093750;-119.6861495972;
6309.5727539063;-119.5519561768;
6382.6357421875;-119.4272384644;
6456.5415039063;-119.3960037231;
6531.3061523438;-119.5079269409;
6606.9335937500;-119.7271194458;
6683.4399414063;-120.0694885254;
6760.8286132813;-120.3453292847;
6839.1171875000;-120.5386199951;
6918.3081054688;-120.7790603638;
6998.4204101563;-121.0155258179;
7079.4560546875;-121.1565780640;
7161.4345703125;-121.1448135376;
7244.3579101563;-121.0410308838;
7328.2456054688;-120.9277954102;
7413.1005859375;-120.7297058105;
7498.9418945313;-120.2908020020;
7585.7778320313;-119.9372253418;
7673.6147460938;-119.8955307007;
7762.4731445313;-120.1353607178;
7852.3559570313;-120.5025863647;
7943.2841796875;-120.6816558838;
8035.2607421875;-120.7686386108;
8128.3066406250;-120.7996063232;
8222.4257812500;-120.8479385376;
8317.6396484375;-120.9120025635;
8413.9501953125;-120.9572219849;
8511.3818359375;-121.1134033203;
8609.9365234375;-121.3487167358;
8709.6367187500;-121.3977737427;
8810.4873046875;-121.1833190918;
8912.5107421875;-120.8814620972;
9015.7099609375;-120.6690750122;
9120.1093750000;-120.4273223877;
9225.7128906250;-120.1307220459;
9332.5439453125;-119.9769287109;
9440.6064453125;-120.0523757935;
9549.9267578125;-120.1162719727;
9660.5068359375;-120.1351699829;
9772.3720703125;-120.3293304443;
9885.5283203125;-120.5570297241;
10000.0000000000;-119.8497314453;
10115.7968750000;-119.8877487183;
10232.9355468750;-119.9861373901;
10351.4189453125;-120.1415328979;
10471.2851562500;-120.3864517212;
10592.5400390625;-120.6605148315;
10715.1982421875;-120.9838790894;
10839.2656250000;-121.2943267822;
10964.7812500000;-121.5892257690;
11091.7500000000;-121.8116531372;
11220.1894531250;-121.9964294434;
11350.1035156250;-122.1074523926;
11481.5351562500;-122.1670227051;
11614.4873046875;-122.1946182251;
11748.9804687500;-122.1786117554;
11885.0166015625;-122.1513442993;
12022.6425781250;-122.1194839478;
12161.8613281250;-122.1016159058;
12302.6923828125;-122.1074981689;
12445.1396484375;-122.1305236816;
12589.2509765625;-122.1718902588;
12735.0312500000;-122.2064819336;
12882.4990234375;-122.2249450684;
13031.6611328125;-122.2226181030;
13182.5634765625;-122.1938858032;
13335.2138671875;-122.1661529541;
13489.6328125000;-122.1513366699;
13645.8388671875;-122.1594009399;
13803.8388671875;-122.2065124512;
13963.6826171875;-122.2814102173;
14125.3789062500;-122.3714981079;
14288.9462890625;-122.4683761597;
14454.3925781250;-122.5631332397;
14621.7705078125;-122.6428985596;
14791.0869140625;-122.6968307495;
14962.3632812500;-122.7180252075;
15135.6064453125;-122.7042846680;
15310.8730468750;-122.6611404419;
15488.1679687500;-122.6024322510;
15667.5166015625;-122.5457611084;
15848.9248046875;-122.5018692017;
16032.4511718750;-122.4628829956;
16218.1025390625;-122.4202957153;
16405.9042968750;-122.3722839355;
16595.8613281250;-122.3224105835;
16788.0371093750;-122.2732086182;
16982.4375000000;-122.2214355469;
17179.0898437500;-122.1605224609;
17378.0000000000;-122.0889587402;
17579.2324218750;-122.0158386230;
17782.7949218750;-121.9749984741;
17988.7148437500;-121.9272994995;
18197.0175781250;-121.8987121582;
18407.7148437500;-121.8773193359;
18620.8710937500;-121.8384780884;
18836.4941406250;-121.7883605957;
19054.6171875000;-121.7524719238;
19275.2421875000;-121.7237854004;
19498.4433593750;-121.7001647949;
19724.2304687500;-121.6501083374;
19952.6328125000;-121.5058746338;
20183.6562500000;-121.1971435547;
20417.3769531250;-120.7324829102;
20653.8046875000;-120.0753707886;
20892.9687500000;-119.8591842651;
21134.8808593750;-120.0787734985;
21379.6171875000;-120.4529342651;
21627.1875000000;-120.8081665039;
21877.6230468750;-121.0443954468;
22130.9355468750;-121.0132293701;
22387.2070312500;-120.9031677246;
22646.4433593750;-120.7626571655;
22908.6835937500;-120.4865112305;
23173.9335937500;-120.1650390625;
23442.2812500000;-119.9786758423;
23713.7363281250;-119.8829345703;
23988.3359375000;-119.9991836548;
24266.1132812500;-120.1665344238;
24547.0820312500;-120.3953857422;
24831.3300781250;-120.5223312378;
25118.8691406250;-120.5459213257;
25409.7402343750;-120.5348663330;
25703.9492187500;-120.4683456421;
26001.5937500000;-120.3474578857;
26302.6835937500;-120.2082748413;
26607.2617187500;-120.1058807373;
26915.3378906250;-120.0768432617;
27227.0097656250;-120.1052169800;
27542.2910156250;-120.0847091675;
27861.2226562500;-119.8721008301;
28183.8164062500;-119.5093460083;
28510.1777343750;-119.2470626831;
28840.3183593750;-119.1919555664;
29174.2812500000;-119.4446640015;
29512.0781250000;-119.8699798584;
29853.8203125000;-120.2791900635;
30199.5175781250;-120.0826644897;
30549.2207031250;-120.2032623291;
30902.9375000000;-120.2946548462;
31260.7851562500;-120.3772583008;
31622.7773437500;-120.4200057983;
31988.9589843750;-120.4523086548;
32359.3828125000;-120.4616622925;
32734.0585937500;-120.4681930542;
33113.1093750000;-120.4717254639;
33496.5507812500;-120.4841308594;
33884.4335937500;-120.5004501343;
34276.7656250000;-120.5268096924;
34673.6835937500;-120.5531845093;
35075.1953125000;-120.5772171021;
35481.3554687500;-120.5969467163;
35892.1796875000;-120.6128692627;
36307.8007812500;-120.6286773682;
36728.2343750000;-120.6460266113;
37153.5390625000;-120.6679687500;
37583.7226562500;-120.6892395020;
38018.9335937500;-120.7086181641;
38459.1796875000;-120.7131347656;
38904.5273437500;-120.7048645020;
39354.9882812500;-120.6860427856;
39810.7070312500;-120.6587677002;
40271.7070312500;-120.6407165527;
40738.0390625000;-120.6330032349;
41209.7304687500;-120.6528778076;
41686.9257812500;-120.6881103516;
42169.6484375000;-120.7321929932;
42657.9648437500;-120.7796859741;
43151.9296875000;-120.8241500854;
43651.5703125000;-120.8712844849;
44157.0429687500;-120.9245758057;
44668.3671875000;-120.9946060181;
45185.6171875000;-121.0824050903;
45708.8046875000;-121.1815948486;
46238.0976562500;-121.2891387939;
46773.5234375000;-121.4009628296;
47315.1484375000;-121.5035476685;
47862.9921875000;-121.5856323242;
48417.2304687500;-121.6456832886;
48977.8867187500;-121.6909408569;
49545.0390625000;-121.7396469116;
50118.7031250000;-121.8255615234;
50699.0625000000;-121.9554214478;
51286.1445312500;-122.1023788452;
51880.0234375000;-122.2359085083;
52480.7187500000;-122.3342971802;
53088.4335937500;-122.3937225342;
53703.1835937500;-122.4279708862;
54325.0507812500;-122.4580841064;
54954.0585937500;-122.5037689209;
55590.4101562500;-122.5777359009;
56234.1328125000;-122.6770477295;
56885.3085937500;-122.7912902832;
57544.0234375000;-122.9118118286;
58210.3046875000;-123.0283737183;
58884.3632812500;-123.1311111450;
59566.2265625000;-123.2292251587;
60255.9882812500;-123.2865753174;
60953.6679687500;-123.3114013672;
61659.4960937500;-123.3102569580;
62373.4960937500;-123.3162612915;
63095.7617187500;-123.3656921387;
63826.3242187500;-123.4666366577;
64565.4140625000;-123.5871658325;
65313.0625000000;-123.6726455688;
66069.3671875000;-123.6897888184;
66834.3593750000;-123.6483612061;
67608.2890625000;-123.6677551270;
68391.1718750000;-123.7750167847;
69183.1250000000;-123.9736633301;
69984.1640625000;-124.2620010376;
70794.5625000000;-124.5956115723;
71614.3437500000;-124.9940948486;
72443.6171875000;-125.2123336792;
73282.4140625000;-125.2901535034;
74131.0078125000;-125.3651504517;
74989.4218750000;-125.4640579224;
75857.7812500000;-125.5405120850;
76736.1875000000;-125.6047210693;
77624.6875000000;-125.7718200684;
78523.5625000000;-125.9917068481;
79432.8437500000;-126.1294937134;
80352.6484375000;-126.3061828613;
81283.0234375000;-126.4927215576;
82224.2578125000;-126.6093139648;
83176.3906250000;-126.7219772339;
84139.5546875000;-126.8038482666;
85113.7734375000;-126.8632202148;
86099.3671875000;-126.9123458862;
87096.3671875000;-127.0534362793;
88104.9218750000;-127.2415237427;
89125.0546875000;-127.3589630127;
90157.1015625000;-127.4518051147;
91201.0937500000;-127.5687789917;
92257.1718750000;-127.6844558716;
93325.3828125000;-127.7862777710;
94406.0703125000;-127.9252853394;
95499.2656250000;-127.9773178101;
96605.1171875000;-127.9294052124;
97723.6718750000;-127.8686676025;
98855.2812500000;-127.8733520508;
100000.0000000000;-128.2922058105;
101157.9687500000;-128.4362335205;
102329.3515625000;-128.5844421387;
103514.1875000000;-128.7365722656;
104712.8515625000;-128.8773193359;
105925.3984375000;-129.0123748779;
107151.9843750000;-129.1246795654;
108392.6562500000;-129.2257537842;
109647.8125000000;-129.3132476807;
110917.5000000000;-129.3828430176;
112201.8984375000;-129.4432830811;
113501.0390625000;-129.4859466553;
114815.3437500000;-129.5066223145;
116144.8750000000;-129.5102844238;
117489.8046875000;-129.4734344482;
118850.1718750000;-129.4045257568;
120226.4218750000;-129.3113403320;
121618.6093750000;-129.1879730225;
123026.9218750000;-129.0623779297;
124451.3984375000;-128.9417724609;
125892.5156250000;-128.8399963379;
127350.3125000000;-128.7660827637;
128824.9921875000;-128.7057037354;
130316.6093750000;-128.6549072266;
131825.6406250000;-128.5990905762;
133352.1406250000;-128.5468750000;
134896.3281250000;-128.5249328613;
136458.3906250000;-128.5614929199;
138038.3906250000;-128.7441864014;
139636.8281250000;-129.0913391113;
141253.7812500000;-129.5597534180;
142889.4687500000;-130.1018524170;
144543.9218750000;-130.6455230713;
146217.7031250000;-131.0711212158;
147910.8593750000;-131.3669738770;
149623.6250000000;-131.5806579590;
151356.0625000000;-131.7495727539;
153108.7187500000;-131.9013977051;
154881.6875000000;-132.0466918945;
156675.1718750000;-132.1847534180;
158489.2500000000;-132.3172454834;
160324.5156250000;-132.4522705078;
162181.0312500000;-132.5928192139;
164059.0312500000;-132.7365722656;
165958.6093750000;-132.8804168701;
167880.3593750000;-133.0240631104;
169824.3750000000;-133.1680145264;
171790.8906250000;-133.3080902100;
173779.9843750000;-133.4321746826;
175792.3125000000;-133.5137786865;
177827.9375000000;-133.5388031006;
179887.1406250000;-133.4192657471;
181970.1875000000;-133.0360260010;
184077.1406250000;-132.4373474121;
186208.7031250000;-131.7089996338;
188364.9531250000;-131.6353607178;
190546.1562500000;-132.0308990479;
192752.4218750000;-132.5957031250;
194984.4375000000;-133.1864318848;
197242.3125000000;-133.7290954590;
199526.3125000000;-134.1858367920;
201836.5625000000;-134.5237274170;
204173.7656250000;-134.7458648682;
206538.0468750000;-134.9531402588;
208929.7031250000;-135.0846252441;
211348.8125000000;-135.1119079590;
213796.1718750000;-135.1094970703;
216271.8750000000;-135.1107330322;
218776.2343750000;-135.1625976563;
221309.3593750000;-135.2490081787;
223872.0625000000;-135.3128814697;
226464.4375000000;-135.3878479004;
229086.8281250000;-135.5583038330;
231739.3437500000;-135.7836456299;
234422.8125000000;-135.9262847900;
237137.3750000000;-136.0552520752;
239883.3593750000;-136.1189422607;
242661.1406250000;-136.1486358643;
245470.8125000000;-136.1796875000;
248313.2968750000;-136.2073822021;
251188.7031250000;-136.2791595459;
254097.3906250000;-136.3814849854;
257039.4843750000;-136.4923858643;
260015.9375000000;-136.6205139160;
263026.8437500000;-136.7801513672;
266072.6250000000;-136.9635620117;
269153.3750000000;-137.1321258545;
272270.0937500000;-137.2163085938;
275422.9062500000;-137.2166595459;
278612.2187500000;-137.2739257813;
281838.1562500000;-137.4552001953;
285101.7812500000;-137.6593933105;
288403.1875000000;-137.7959747314;
291742.8125000000;-137.8689727783;
295120.7812500000;-137.8785858154;
298538.1875000000;-137.9206542969;
301995.1875000000;-137.9839172363;
305492.2187500000;-138.0407257080;
309029.3750000000;-138.0786285400;
312607.8437500000;-138.1054382324;
316227.7812500000;-138.1134033203;
319889.5937500000;-138.1020965576;
323593.8125000000;-138.0818023682;
327340.5937500000;-138.0591278076;
331131.0937500000;-138.0511322021;
334965.5000000000;-138.0646972656;
338844.3125000000;-138.1285247803;
342767.6562500000;-138.2180023193;
346736.8125000000;-138.3502960205;
350751.9375000000;-138.4961700439;
354813.5312500000;-138.6401367188;
358921.7812500000;-138.7539367676;
363078.0000000000;-138.8067169189;
367282.3437500000;-138.8105621338;
371535.3750000000;-138.7425842285;
375837.2500000000;-138.6190338135;
380189.3437500000;-138.4742584229;
384591.8125000000;-138.3168182373;
389045.2812500000;-138.1779937744;
393549.8750000000;-138.0563659668;
398107.0937500000;-137.9357299805;
402717.0625000000;-137.7958221436;
407380.4062500000;-137.5415039063;
412097.3125000000;-137.1923370361;
416869.2812500000;-136.7849273682;
421696.5000000000;-136.3694152832;
426579.6250000000;-136.0507812500;
431519.3125000000;-135.9006958008;
436515.6875000000;-135.9081573486;
441570.4375000000;-136.0635986328;
446683.6875000000;-136.3436279297;
451856.1562500000;-136.7124023438;
457088.0312500000;-137.1232910156;
462380.9687500000;-137.5353546143;
467735.2187500000;-137.9611663818;
473151.4687500000;-138.4353332520;
478629.9062500000;-138.9776611328;
484172.3125000000;-139.5389099121;
489778.8750000000;-139.9000854492;
495450.3750000000;-139.5685424805;
501187.0000000000;-137.9608306885;
506990.6250000000;-135.3457489014;
512861.4375000000;-132.7686309814;
518800.2187500000;-130.8744659424;
524807.1875000000;-129.9067993164;
530884.3125000000;-129.9200286865;
537031.8125000000;-130.9649505615;
543250.5000000000;-132.9999847412;
549540.5625000000;-135.8903198242;
555904.1250000000;-139.1459960938;
562341.3125000000;-141.7015533447;
568853.0625000000;-142.9113311768;
575440.2500000000;-143.3705139160;
582103.0625000000;-143.6104125977;
588843.6250000000;-143.3139801025;
595662.2500000000;-141.4350891113;
602559.8750000000;-139.2984008789;
609536.6875000000;-137.4098815918;
616594.9375000000;-136.2352447510;
623734.9375000000;-135.9442749023;
630957.6250000000;-136.5738983154;
638263.2500000000;-139.0325164795;
645654.1250000000;-142.6038208008;
653130.6250000000;-144.3135070801;
660693.6875000000;-145.0828704834;
668343.6250000000;-145.3983612061;
676082.8750000000;-145.5413818359;
683911.6875000000;-145.6073760986;
691831.1875000000;-145.6811370850;
699841.6875000000;-145.7338104248;
707945.6250000000;-145.7345275879;
716143.4375000000;-144.9835662842;
724436.1875000000;-141.8917541504;
732824.1250000000;-138.5467681885;
741310.0625000000;-134.4752349854;
749894.1875000000;-132.5349426270;
758577.7500000000;-133.0006256104;
767361.8750000000;-135.5767211914;
776246.8750000000;-138.5588226318;
785235.6250000000;-143.3399505615;
794328.4375000000;-146.4386138916;
803526.5000000000;-146.8480529785;
812830.2500000000;-147.0157165527;
822242.5625000000;-147.1639099121;
831763.9375000000;-147.4501800537;
841395.5000000000;-147.6934509277;
851137.6875000000;-147.8368988037;
860993.6250000000;-147.9046783447;
870963.6875000000;-147.9428100586;
881049.2500000000;-147.9883117676;
891250.5625000000;-148.0131072998;
901571.0000000000;-148.0276641846;
912010.9375000000;-148.0701904297;
922571.7500000000;-148.2006835938;
933253.8750000000;-148.3321990967;
944060.6875000000;-148.4414978027;
954992.6250000000;-148.5719604492;
966051.1875000000;-148.7320404053;
977236.6875000000;-148.8903808594;
988552.8125000000;-148.9499206543;
1000000.0000000000;-148.9591674805;
