Window;1;Noise Spectrum;
Trace;1;
1.0000000000;-75.4765853882;
1.0115795135;-75.4068908691;
1.0232930183;-75.4147262573;
1.0351421833;-75.4957885742;
1.0471285582;-75.5768508911;
1.0592536926;-75.6579132080;
1.0715192556;-75.7389831543;
1.0839269161;-75.8706893921;
1.0964782238;-76.1555709839;
1.1091748476;-76.4404602051;
1.1220184565;-76.7253417969;
1.1350108385;-77.0102310181;
1.1481536627;-77.3595809937;
1.1614485979;-77.8716506958;
1.1748975515;-78.3837203979;
1.1885021925;-78.8957901001;
1.2022644281;-79.4078598022;
1.2161860466;-80.0490264893;
1.2302688360;-80.7808380127;
1.2445145845;-81.5126342773;
1.2589254379;-82.2444458008;
1.2735030651;-82.9899826050;
1.2882494926;-83.8255844116;
1.3031667471;-84.6611938477;
1.3182567358;-85.4968032837;
1.3335214853;-86.3324127197;
1.3489629030;-86.9712524414;
1.3645831347;-87.5868530273;
1.3803843260;-88.2024612427;
1.3963683844;-88.8180618286;
1.4125375748;-89.2007064819;
1.4288939238;-89.5434265137;
1.4454398155;-89.8861465454;
1.4621771574;-90.2288665771;
1.4791084528;-90.3608169556;
1.4962356091;-90.4912109375;
1.5135612488;-90.6216049194;
1.5310875177;-90.6499404907;
1.5488165617;-90.4355392456;
1.5667510033;-90.2211303711;
1.5848932266;-90.0067214966;
1.6032453775;-89.7532577515;
1.6218100786;-89.4867782593;
1.6405898333;-89.2202987671;
1.6595869064;-89.0410079956;
1.6788040400;-89.0282974243;
1.6982436180;-89.0155868530;
1.7179083824;-89.0273513794;
1.7378008366;-89.3884124756;
1.7579236031;-89.7494659424;
1.7782794237;-90.1105270386;
1.7988709211;-90.8232498169;
1.8197008371;-91.5721893311;
1.8407719135;-92.3211288452;
1.8620871305;-93.2398071289;
1.8836491108;-94.1864395142;
1.9054607153;-95.1330718994;
1.9275249243;-96.0452880859;
1.9498445988;-96.9542541504;
1.9724227190;-97.8435974121;
1.9952623844;-98.4546508789;
2.0183663368;-99.0657043457;
2.0417380333;-99.2868499756;
2.0653800964;-98.6329803467;
2.0892961025;-97.9791107178;
2.1134889126;-97.1132125854;
2.1379621029;-96.1256561279;
2.1627185345;-95.1532287598;
2.1877615452;-94.5218048096;
2.2130947113;-93.8903808594;
2.2387211323;-93.5063323975;
2.2646441460;-93.3464508057;
2.2908678055;-93.2166290283;
2.3173947334;-93.4433975220;
2.3442287445;-93.6701583862;
2.3713736534;-93.9535903931;
2.3988327980;-94.2615509033;
2.4266099930;-94.4671020508;
2.4547088146;-94.5066299438;
2.4831330776;-94.5293579102;
2.5118863583;-94.4347991943;
2.5409727097;-94.3402328491;
2.5703957081;-94.1576461792;
2.6001594067;-93.9680480957;
2.6302678585;-93.1924972534;
2.6607251167;-92.2530746460;
2.6915347576;-91.1315002441;
2.7227013111;-89.9274597168;
2.7542285919;-88.9243774414;
2.7861211300;-88.0321121216;
2.8183827400;-87.3714523315;
2.8510184288;-86.8367691040;
2.8840315342;-86.5164260864;
2.9174270630;-86.2898178101;
2.9512093067;-86.2712631226;
2.9853825569;-86.3091201782;
3.0199515820;-86.5836944580;
3.0549211502;-86.9057083130;
3.0902955532;-87.4954147339;
3.1260793209;-88.1898803711;
3.1622776985;-89.1299514771;
3.1988949776;-90.2659149170;
3.2359364033;-91.5659255981;
3.2734067440;-92.9042434692;
3.3113110065;-94.1267852783;
3.3496541977;-94.5723114014;
3.3884413242;-94.6537933350;
3.4276781082;-94.3456878662;
3.4673686028;-94.1979522705;
3.5075187683;-94.1938400269;
3.5481340885;-94.5142135620;
3.5892193317;-95.0372314453;
3.6307804585;-95.5854949951;
3.6728229523;-95.8193817139;
3.7153522968;-95.5278549194;
3.7583739758;-94.9708862305;
3.8018937111;-94.4843673706;
3.8459177017;-94.3765563965;
3.8904511929;-94.5858764648;
3.9355010986;-95.2253646851;
3.9810719490;-96.3124694824;
4.0271706581;-97.4947662354;
4.0738029480;-98.5843353271;
4.1209754944;-98.6393890381;
4.1686940193;-97.5514678955;
4.2169651985;-95.8371353149;
4.2657952309;-93.7980422974;
4.3151907921;-91.8744430542;
4.3651580811;-90.4078140259;
4.4157042503;-89.4542846680;
4.4668354988;-89.0832138062;
4.5185589790;-89.3404998779;
4.5708823204;-90.3455581665;
4.6238102913;-91.9781417847;
4.6773514748;-93.8569107056;
4.7315125465;-95.2081451416;
4.7863011360;-95.3423995972;
4.8417239189;-94.1779785156;
4.8977880478;-92.7184829712;
4.9545016289;-91.8843536377;
5.0118722916;-91.8910369873;
5.0699067116;-92.6788864136;
5.1286134720;-94.0489349365;
5.1880002022;-95.5407714844;
5.2480750084;-96.5652770996;
5.3088445663;-96.7435073853;
5.3703184128;-96.0061569214;
5.4325037003;-94.6680526733;
5.4954090118;-93.4277496338;
5.5590424538;-92.9069976807;
5.6234130859;-93.0166091919;
5.6885290146;-94.3601608276;
5.7543992996;-98.6822662354;
5.8210320473;-105.3982391357;
5.8884363174;-106.0987777710;
5.9566211700;-104.4045486450;
6.0255956650;-103.2863845825;
6.0953693390;-102.7576293945;
6.1659502983;-102.0382385254;
6.2373485565;-100.5733108521;
6.3095736504;-98.7105941772;
6.3826351166;-97.0032806396;
6.4565424919;-95.2483215332;
6.5313053131;-94.6419677734;
6.6069345474;-95.1679840088;
6.6834387779;-96.2454986572;
6.7608294487;-96.6914749146;
6.8391160965;-96.1539230347;
6.9183092117;-97.2537689209;
6.9984202385;-98.9872970581;
7.0794582367;-99.3699951172;
7.1614346504;-98.2215728760;
7.2443599701;-97.9963760376;
7.3282456398;-98.2196197510;
7.4131026268;-97.9266662598;
7.4989418983;-96.8890304565;
7.5857758522;-96.2310943604;
7.6736145020;-96.9906005859;
7.7624707222;-98.8613510132;
7.8523559570;-104.2789916992;
7.9432821274;-109.9455337524;
8.0352611542;-100.9799118042;
8.1283054352;-97.2316589355;
8.2224273682;-96.3558197021;
8.3176383972;-97.1445236206;
8.4139518738;-97.8561019897;
8.5113801956;-97.8183898926;
8.6099376678;-99.0591049194;
8.7096357346;-102.8218994141;
8.8104887009;-107.5901641846;
8.9125089645;-105.1569595337;
9.0157108307;-100.9609451294;
9.1201076508;-97.2738342285;
9.2257137299;-95.9142456055;
9.3325433731;-95.2874908447;
9.4406089783;-94.0503997803;
9.5499258041;-93.5827026367;
9.6605091095;-94.5512847900;
9.7723722458;-96.8204116821;
9.8855314255;-101.4668884277;
10.0000000000;-97.7107925415;
10.1157941818;-97.7143554688;
10.2329292297;-97.6736297607;
10.3514213562;-97.6191711426;
10.4712848663;-97.5895156860;
10.5925369263;-97.6129989624;
10.7151927948;-97.6925048828;
10.8392686844;-97.7989578247;
10.9647808075;-97.8785934448;
11.0917472839;-97.8965301514;
11.2201833725;-97.8184890747;
11.3501071930;-97.6680603027;
11.4815349579;-97.5160598755;
11.6144876480;-97.4426574707;
11.7489767075;-97.5125961304;
11.8850231171;-97.9849777222;
12.0226459503;-98.8503570557;
12.1618614197;-99.6246566772;
12.3026885986;-100.4547729492;
12.4451465607;-101.2171096802;
12.5892543793;-101.7794189453;
12.7350311279;-102.0674133301;
12.8824958801;-102.1097640991;
13.0316677094;-101.9106063843;
13.1825675964;-101.5968933105;
13.3352146149;-101.2961654663;
13.4896287918;-100.8804244995;
13.6458311081;-100.3462219238;
13.8038425446;-99.4314727783;
13.9636831284;-98.6161117554;
14.1253747940;-98.2090759277;
14.2889385223;-97.8811035156;
14.4543962479;-97.8448257446;
14.6217708588;-98.0149993896;
14.7910823822;-98.3371276855;
14.9623546600;-99.1243438721;
15.1356105804;-100.2046356201;
15.3108730316;-101.2313690186;
15.4881677628;-101.6718978882;
15.6675128937;-101.3741836548;
15.8489332199;-100.5134277344;
16.0324554443;-99.7944030762;
16.2181015015;-99.5497131348;
16.4058990479;-99.6558685303;
16.5958709717;-99.8796615601;
16.7880401611;-99.8807144165;
16.9824371338;-99.4680938721;
17.1790847778;-98.9120407104;
17.3780078888;-98.4883422852;
17.5792369843;-98.4224853516;
17.7827949524;-98.8217544556;
17.9887084961;-99.5936355591;
18.1970081329;-100.4641876221;
18.4077186584;-100.8715820313;
18.6208705902;-100.3978118896;
18.8364906311;-99.7053146362;
19.0546054840;-99.2207641602;
19.2752475739;-99.0702438354;
19.4984436035;-99.3404159546;
19.7242259979;-99.7907104492;
19.9526214600;-100.1957397461;
20.1836605072;-100.6677627563;
20.4173774719;-101.3683166504;
20.6538047791;-102.0517959595;
20.8929634094;-102.6168899536;
21.1348934174;-103.0939483643;
21.3796234131;-103.5986709595;
21.6271877289;-104.0513992310;
21.8776187897;-104.2291183472;
22.1309490204;-104.2437438965;
22.3872127533;-104.2740020752;
22.6464443207;-104.0597305298;
22.9086780548;-103.5292968750;
23.1739463806;-103.2081527710;
23.4422893524;-103.4200744629;
23.7137374878;-103.7792968750;
23.9883289337;-103.3214950562;
24.2660999298;-101.8965072632;
24.5470886230;-100.3837280273;
24.8313293457;-100.0520706177;
25.1188621521;-100.5534133911;
25.4097251892;-101.2138137817;
25.7039566040;-101.8895797729;
26.0015926361;-102.4718017578;
26.3026771545;-102.4632034302;
26.6072483063;-101.7051467896;
26.9153442383;-101.1910095215;
27.2270088196;-101.5354003906;
27.5422897339;-102.6773986816;
27.8612155914;-103.2092742920;
28.1838321686;-102.7092895508;
28.5101852417;-102.1085357666;
28.8403167725;-101.9126663208;
29.1742725372;-102.1146011353;
29.5120944977;-102.5947113037;
29.8538284302;-103.7616577148;
30.1995182037;-103.7923889160;
30.5492115021;-104.0590133667;
30.9029541016;-104.2619476318;
31.2607936859;-104.4161224365;
31.6227760315;-104.5341796875;
31.9889507294;-104.6197814941;
32.3593635559;-104.6986389160;
32.7340698242;-104.7782821655;
33.1131095886;-104.8593597412;
33.4965438843;-104.9364700317;
33.8844146729;-104.9997482300;
34.2767753601;-105.0462036133;
34.6736831665;-105.0697708130;
35.0751838684;-105.0590896606;
35.4813346863;-104.9813232422;
35.8921890259;-104.8419494629;
36.3078002930;-104.6534500122;
36.7282333374;-104.4408340454;
37.1535263062;-104.2422943115;
37.5837440491;-104.1105194092;
38.0189437866;-104.0498428345;
38.4591827393;-104.0236129761;
38.9045181274;-103.9824447632;
39.3550109863;-103.8814392090;
39.8107185364;-103.7042160034;
40.2717056274;-103.4786682129;
40.7380294800;-103.2661972046;
41.2097511292;-103.1255035400;
41.6869392395;-103.0828933716;
42.1696510315;-103.1085128784;
42.6579513550;-103.1532592773;
43.1519050598;-103.1870956421;
43.6515808105;-103.2230911255;
44.1570434570;-103.3139877319;
44.6683578491;-103.5629119873;
45.1855926514;-103.9447631836;
45.7088165283;-104.4459762573;
46.2380981445;-104.9710693359;
46.7735099792;-105.3894348145;
47.3151206970;-105.6172180176;
47.8630027771;-105.6877975464;
48.4172286987;-105.6947860718;
48.9778900146;-105.6644363403;
49.5450248718;-105.5617370605;
50.1187286377;-105.3931198120;
50.6990776062;-105.2756652832;
51.2861442566;-105.1234893799;
51.8800086975;-105.0056610107;
52.4807510376;-105.0652465820;
53.0884475708;-105.3024215698;
53.7031822205;-105.6567382813;
54.3250350952;-105.6685791016;
54.9540901184;-105.4631195068;
55.5904273987;-105.4274063110;
56.2341308594;-105.5431747437;
56.8852920532;-105.6576232910;
57.5439910889;-105.6932907104;
58.2103195190;-105.7779388428;
58.8843612671;-105.8316192627;
59.5662117004;-105.9034500122;
60.2559547424;-105.9972915649;
60.9536857605;-106.0862960815;
61.6594963074;-106.1132278442;
62.3734779358;-106.1265716553;
63.0957260132;-106.1853713989;
63.8263397217;-106.2506561279;
64.5654144287;-106.4393692017;
65.3130645752;-106.8169174194;
66.0693511963;-106.9105911255;
66.8343963623;-106.7878417969;
67.6083068848;-106.5887069702;
68.3911743164;-106.4690628052;
69.1831054688;-106.5496826172;
69.9842071533;-106.9122924805;
70.7945785522;-107.3860778809;
71.6143417358;-107.7468261719;
72.4435958862;-107.9772033691;
73.2824554443;-107.9952316284;
74.1310272217;-107.8244094849;
74.9894180298;-107.4647140503;
75.8577575684;-107.1793212891;
76.7361450195;-107.0568008423;
77.6247100830;-107.0529861450;
78.5235595703;-107.0477523804;
79.4328155518;-106.6866836548;
80.3526077271;-106.3992080688;
81.2830429077;-106.5802917480;
82.2242584229;-107.5382537842;
83.1763687134;-108.7375640869;
84.1395034790;-109.3253707886;
85.1137924194;-109.0907592773;
86.0993652344;-108.6818389893;
87.0963668823;-108.5514221191;
88.1048965454;-108.4460067749;
89.1251068115;-108.3962860107;
90.1571197510;-108.4946136475;
91.2010955811;-108.3012084961;
92.2571487427;-108.2301254272;
93.3254394531;-109.0225753784;
94.4060897827;-110.0527572632;
95.4992599487;-110.2835540771;
96.6050872803;-110.5060424805;
97.7237243652;-110.6547698975;
98.8553085327;-109.9982147217;
100.0000000000;-109.5870437622;
101.1579742432;-109.5269241333;
102.3292999268;-109.4617996216;
103.5142440796;-109.3919525146;
104.7128524780;-109.3097686768;
105.9253921509;-109.2223815918;
107.1519241333;-109.1184310913;
108.3927154541;-109.0127410889;
109.6478118896;-108.9049758911;
110.9175033569;-108.7985610962;
112.2018356323;-108.6899871826;
113.5010986328;-108.5734558105;
114.8153457642;-108.4585876465;
116.1448745728;-108.3540420532;
117.4897384644;-108.3114089966;
118.8502349854;-108.3695907593;
120.2264251709;-108.5175247192;
121.6186141968;-108.8446731567;
123.0268554688;-109.2793350220;
124.4514694214;-109.7660980225;
125.8925170898;-110.2559814453;
127.3503112793;-110.6001281738;
128.8249206543;-110.8109207153;
130.3166809082;-110.8795700073;
131.8256378174;-110.8127746582;
133.3521423340;-110.7307281494;
134.8963165283;-110.6660385132;
136.4583129883;-110.6433410645;
138.0384674072;-110.6907577515;
139.6368255615;-110.7755584717;
141.2537841797;-110.8621749878;
142.8893890381;-110.9223175049;
144.5440063477;-110.9264068604;
146.2176971436;-110.8318939209;
147.9108581543;-110.6492843628;
149.6235504150;-110.4143600464;
151.3561553955;-110.1772689819;
153.1087188721;-109.9992904663;
154.8816833496;-109.9373474121;
156.6750793457;-110.0198669434;
158.4893341064;-110.2324600220;
160.3245086670;-110.4868316650;
162.1810302734;-110.7206726074;
164.0589447021;-110.8993301392;
165.9586944580;-111.0142135620;
167.8803710938;-111.0713195801;
169.8243713379;-111.0815658569;
171.7908020020;-111.0570678711;
173.7800903320;-111.0097198486;
175.7923126221;-110.9542083740;
177.8279418945;-110.9223556519;
179.8871459961;-110.9149551392;
181.9700775146;-111.0039138794;
184.0772399902;-111.2123336792;
186.2087097168;-111.7030868530;
188.3649444580;-112.2518844604;
190.5460662842;-112.4923858643;
192.7525329590;-112.5012817383;
194.9844360352;-112.3040008545;
197.2423095703;-112.0889663696;
199.5262145996;-112.0468673706;
201.8366699219;-112.2343139648;
204.1737670898;-112.5591964722;
206.5380401611;-112.9231796265;
208.9295806885;-112.9603576660;
211.3489227295;-112.8298416138;
213.7961730957;-112.7063598633;
216.2718658447;-112.6616058350;
218.7761230469;-112.7001876831;
221.3094787598;-112.6731185913;
223.8720703125;-112.5725631714;
226.4644470215;-112.4530563354;
229.0867156982;-112.2783889771;
231.7394714355;-112.0047607422;
234.4228210449;-111.6215820313;
237.1373748779;-110.4783020020;
239.8833618164;-108.5648880005;
242.6610107422;-106.8805999756;
245.4709472656;-105.0267715454;
248.3132934570;-104.6586914063;
251.1887054443;-106.2901535034;
254.0972595215;-109.3564910889;
257.0396423340;-111.9385833740;
260.0159301758;-113.1342773438;
263.0268554688;-113.4007720947;
266.0724792480;-113.2104721069;
269.1535339355;-110.1956481934;
272.2700805664;-105.4061660767;
275.4229125977;-101.2413558960;
278.6120605469;-99.2904434204;
281.8383178711;-99.7618255615;
285.1017761230;-102.3509292603;
288.4031677246;-106.8277969360;
291.7426452637;-111.7904968262;
295.1209411621;-110.3559112549;
298.5382080078;-108.8306808472;
301.9951782227;-108.7534408569;
305.4920349121;-109.9623260498;
309.0295410156;-110.9826812744;
312.6078491211;-111.9362030029;
316.2277526855;-112.5873260498;
319.8895874023;-113.1481018066;
323.5936584473;-113.5105133057;
327.3407592773;-113.7729110718;
331.1311035156;-113.9287643433;
334.9655151367;-113.8898162842;
338.8441467285;-113.7646865845;
342.7678527832;-113.2040634155;
346.7368164063;-112.5283966064;
350.7519226074;-111.5431137085;
354.8133544922;-110.5626831055;
358.9219970703;-109.5864410400;
363.0780029297;-108.9412765503;
367.2823486328;-108.4852676392;
371.5351867676;-108.4495544434;
375.8374328613;-108.8152770996;
380.1893310547;-109.4321975708;
384.5918273926;-110.4724044800;
389.0450744629;-111.4301452637;
393.5501098633;-112.2705841064;
398.1070861816;-112.0559158325;
402.7170410156;-111.3931503296;
407.3801879883;-110.4008789063;
412.0975341797;-109.5805358887;
416.8692626953;-109.1803359985;
421.6965026855;-109.1754302979;
426.5796203613;-109.7138366699;
431.5190734863;-110.8096389771;
436.5159301758;-112.1402130127;
441.5704345703;-113.5689849854;
446.6836853027;-114.7078094482;
451.8559265137;-115.2564392090;
457.0882873535;-115.3910903931;
462.3809814453;-115.1534729004;
467.7352294922;-114.5687942505;
473.1512145996;-113.5963516235;
478.6301574707;-112.5384902954;
484.1723022461;-111.6036300659;
489.7788696289;-110.9885787964;
495.4501037598;-110.8458480835;
501.1872863770;-111.2585983276;
506.9906311035;-111.5565643311;
512.8614501953;-110.5962448120;
518.7999267578;-108.4736633301;
524.8074951172;-106.0382919312;
530.8843383789;-104.1860198975;
537.0317993164;-103.2747497559;
543.2501831055;-103.3997268677;
549.5408935547;-104.5975952148;
555.9041137695;-106.9025802612;
562.3413085938;-110.1182708740;
568.8530883789;-113.3855361938;
575.4399414063;-115.1269836426;
582.1033325195;-115.0699615479;
588.8436279297;-114.3464660645;
595.6622924805;-113.7588653564;
602.5595703125;-113.9106521606;
609.5369873047;-114.5908508301;
616.5949707031;-115.4472274780;
623.7349243164;-115.6867828369;
630.9572753906;-113.9879684448;
638.2636108398;-110.6490173340;
645.6541137695;-107.4856414795;
653.1306152344;-105.3654022217;
660.6933593750;-104.4836807251;
668.3439941406;-105.6133193970;
676.0828857422;-109.3303070068;
683.9116821289;-112.8765563965;
691.8308105469;-115.7306671143;
699.8420410156;-116.5393905640;
707.9456176758;-116.1145935059;
716.1434326172;-115.0510025024;
724.4357910156;-114.0102005005;
732.8245239258;-113.3389892578;
741.3100585938;-112.8465423584;
749.8942260742;-110.5082473755;
758.5777587891;-105.7050933838;
767.3614501953;-102.6640625000;
776.2473144531;-100.5858383179;
785.2355957031;-101.1437683105;
794.3284301758;-103.2799606323;
803.5260620117;-108.4770889282;
812.8306884766;-115.2172241211;
822.2425537109;-115.0939712524;
831.7639160156;-112.6601028442;
841.3950195313;-111.8220520020;
851.1381835938;-113.3038711548;
860.9936523438;-116.1256866455;
870.9636840820;-116.3889923096;
881.0487670898;-113.2279815674;
891.2510375977;-110.3206100464;
901.5709838867;-109.6365356445;
912.0109252930;-111.5938339233;
922.5712280273;-115.3088531494;
933.2543334961;-117.6190414429;
944.0606689453;-117.8285446167;
954.9926147461;-117.6146697998;
966.0506591797;-117.3076705933;
977.2372436523;-116.5020294189;
988.5528564453;-115.7490844727;
1000.0000000000;-116.4236373901;
1011.5797119141;-116.5363464355;
1023.2929687500;-116.5926971436;
1035.1424560547;-116.5958328247;
1047.1285400391;-116.3414993286;
1059.2539062500;-115.9786529541;
1071.5192871094;-115.2691116333;
1083.9271240234;-114.5164794922;
1096.4781494141;-113.7118988037;
1109.1750488281;-113.1084518433;
1122.0183105469;-112.6452484131;
1135.0109863281;-112.5026016235;
1148.1534423828;-112.6599349976;
1161.4487304688;-113.0065841675;
1174.8973388672;-113.6261215210;
1188.5023193359;-114.2325134277;
1202.2642822266;-114.7822875977;
1216.1861572266;-115.0279846191;
1230.2685546875;-115.0893325806;
1244.5146484375;-115.0558471680;
1258.9251708984;-114.9995574951;
1273.5031738281;-114.7621231079;
1288.2492675781;-114.1608810425;
1303.1667480469;-113.1029205322;
1318.2563476563;-111.5169677734;
1333.5214843750;-110.0424957275;
1348.9632568359;-108.8405761719;
1364.5831298828;-108.0510711670;
1380.3846435547;-107.9040298462;
1396.3682861328;-108.3121109009;
1412.5378417969;-109.0931930542;
1428.8939208984;-110.0210723877;
1445.4400634766;-110.7611618042;
1462.1770019531;-110.7809524536;
1479.1086425781;-110.5233154297;
1496.2354736328;-110.4288177490;
1513.5615234375;-110.6946640015;
1531.0872802734;-111.3112487793;
1548.8167724609;-112.0378723145;
1566.7508544922;-112.4290390015;
1584.8933105469;-112.2246398926;
1603.2451171875;-111.9642028809;
1621.8101806641;-112.0395965576;
1640.5894775391;-112.5782623291;
1659.5870361328;-113.4182815552;
1678.8035888672;-114.1451568604;
1698.2437744141;-114.4346466064;
1717.9079589844;-114.4191131592;
1737.8009033203;-114.5302352905;
1757.9230957031;-114.9831314087;
1778.2794189453;-115.3629455566;
1798.8713378906;-115.7266082764;
1819.7008056641;-115.3038482666;
1840.7724609375;-114.5017776489;
1862.0870361328;-114.0555572510;
1883.6495361328;-114.4500503540;
1905.4605712891;-114.2988128662;
1927.5252685547;-113.3101119995;
1949.8444824219;-112.2001342773;
1972.4230957031;-111.6655502319;
1995.2620849609;-111.9534988403;
2018.3666992188;-113.0055236816;
2041.7376708984;-114.4055175781;
2065.3803710938;-115.3700942993;
2089.2958984375;-115.2917404175;
2113.4892578125;-115.5636138916;
2137.9616699219;-116.2558898926;
2162.7187500000;-116.9563064575;
2187.7612304688;-117.0987319946;
2213.0949707031;-116.9347839355;
2238.7207031250;-117.2109375000;
2264.6442871094;-117.7060928345;
2290.8671875000;-117.8422851563;
2317.3947753906;-117.2053451538;
2344.2282714844;-116.8244476318;
2371.3737792969;-116.4841003418;
2398.8334960938;-115.6860275269;
2426.6101074219;-114.8262634277;
2454.7094726563;-114.1676864624;
2483.1330566406;-114.5925979614;
2511.8869628906;-115.1594161987;
2540.9726562500;-114.4396667480;
2570.3962402344;-113.7347640991;
2600.1594238281;-114.2483139038;
2630.2685546875;-115.1037673950;
2660.7248535156;-114.5897903442;
2691.5351562500;-113.9208297729;
2722.7009277344;-114.3461685181;
2754.2290039063;-114.7498092651;
2786.1208496094;-113.8629531860;
2818.3833007813;-113.2689514160;
2851.0178222656;-114.0903854370;
2884.0317382813;-116.2750167847;
2917.4265136719;-118.8856124878;
2951.2094726563;-119.3563079834;
2985.3820800781;-118.2801513672;
3019.9519042969;-114.2626190186;
3054.9204101563;-113.6926345825;
3090.2954101563;-113.1686477661;
3126.0786132813;-112.6924438477;
3162.2775878906;-112.4325027466;
3198.8959960938;-112.2610931396;
3235.9365234375;-112.2840423584;
3273.4077148438;-112.3994522095;
3311.3110351563;-112.6133193970;
3349.6550292969;-112.8820037842;
3388.4414062500;-113.1749343872;
3427.6784667969;-113.4924545288;
3467.3681640625;-113.8136978149;
3507.5192871094;-114.1425704956;
3548.1335449219;-114.4368438721;
3589.2199707031;-114.7006835938;
3630.7800292969;-114.7969970703;
3672.8234863281;-114.8141937256;
3715.3518066406;-114.6675872803;
3758.3745117188;-114.4523620605;
3801.8933105469;-114.2040786743;
3845.9182128906;-113.9775466919;
3890.4506835938;-113.7995834351;
3935.5009765625;-113.6653823853;
3981.0708007813;-113.6372146606;
4027.1704101563;-113.6817474365;
4073.8017578125;-113.7968597412;
4120.9750976563;-114.0345535278;
4168.6928710938;-114.3464050293;
4216.9648437500;-114.7104034424;
4265.7963867188;-115.1185455322;
4315.1904296875;-115.5481338501;
4365.1591796875;-115.9964294434;
4415.7041015625;-116.4654846191;
4466.8369140625;-116.9642715454;
4518.5590820313;-117.4674606323;
4570.8828125000;-117.9583663940;
4623.8095703125;-118.4260025024;
4677.3520507813;-118.8573532104;
4731.5122070313;-119.1836395264;
4786.3017578125;-119.3669738770;
4841.7231445313;-119.4022674561;
4897.7890625000;-119.3170852661;
4954.5009765625;-119.1761016846;
5011.8730468750;-119.0654678345;
5069.9062500000;-119.0170135498;
5128.6142578125;-119.0142517090;
5187.9995117188;-119.0456924438;
5248.0747070313;-119.1111373901;
5308.8432617188;-119.2198181152;
5370.3183593750;-119.3752441406;
5432.5019531250;-119.5535430908;
5495.4086914063;-119.7008895874;
5559.0410156250;-119.7650527954;
5623.4130859375;-119.7414779663;
5688.5307617188;-119.6486053467;
5754.3994140625;-119.4830398560;
5821.0336914063;-119.2431030273;
5888.4365234375;-118.9752349854;
5956.6225585938;-118.7337417603;
6025.5957031250;-118.6633834839;
6095.3701171875;-118.6751556396;
6165.9497070313;-118.6704559326;
6237.3496093750;-118.5782012939;
6309.5727539063;-118.4087142944;
6382.6357421875;-118.2175140381;
6456.5415039063;-118.0321655273;
6531.3061523438;-117.8313217163;
6606.9335937500;-117.5896224976;
6683.4399414063;-117.1907424927;
6760.8286132813;-116.8376083374;
6839.1171875000;-116.6437835693;
6918.3081054688;-116.4799270630;
6998.4204101563;-116.3402023315;
7079.4560546875;-116.2130203247;
7161.4345703125;-115.9993515015;
7244.3579101563;-115.6889266968;
7328.2456054688;-115.4059143066;
7413.1005859375;-115.1332931519;
7498.9418945313;-114.8463363647;
7585.7778320313;-114.6030807495;
7673.6147460938;-114.3803939819;
7762.4731445313;-113.9020080566;
7852.3559570313;-113.2715530396;
7943.2841796875;-112.7971115112;
8035.2607421875;-112.2925949097;
8128.3066406250;-112.1495666504;
8222.4257812500;-112.2861862183;
8317.6396484375;-112.6726303101;
8413.9501953125;-113.0251846313;
8511.3818359375;-113.1175308228;
8609.9365234375;-113.1056442261;
8709.6367187500;-113.1654739380;
8810.4873046875;-113.1740646362;
8912.5107421875;-112.8822784424;
9015.7099609375;-112.4237823486;
9120.1093750000;-111.9877548218;
9225.7128906250;-111.7073440552;
9332.5439453125;-111.6132202148;
9440.6064453125;-111.7034912109;
9549.9267578125;-111.9724197388;
9660.5068359375;-112.4037704468;
9772.3720703125;-112.8973541260;
9885.5283203125;-113.4226303101;
10000.0000000000;-113.4880676270;
10115.7968750000;-113.7467041016;
10232.9355468750;-113.9665527344;
10351.4189453125;-114.1497421265;
10471.2851562500;-114.2580261230;
10592.5400390625;-114.3379058838;
10715.1982421875;-114.3432617188;
10839.2656250000;-114.3222503662;
10964.7812500000;-114.2694168091;
11091.7500000000;-114.1938171387;
11220.1894531250;-114.1135635376;
11350.1035156250;-114.0334167480;
11481.5351562500;-113.9643249512;
11614.4873046875;-113.9034271240;
11748.9804687500;-113.8605117798;
11885.0166015625;-113.8286666870;
12022.6425781250;-113.8048400879;
12161.8613281250;-113.7892608643;
12302.6923828125;-113.7700500488;
12445.1396484375;-113.7441558838;
12589.2509765625;-113.7027511597;
12735.0312500000;-113.6467742920;
12882.4990234375;-113.5943450928;
13031.6611328125;-113.5547943115;
13182.5634765625;-113.5739822388;
13335.2138671875;-113.6656570435;
13489.6328125000;-113.8268966675;
13645.8388671875;-114.0589675903;
13803.8388671875;-114.3638610840;
13963.6826171875;-114.7016906738;
14125.3789062500;-115.0513000488;
14288.9462890625;-115.4012145996;
14454.3925781250;-115.7428665161;
14621.7705078125;-116.0705795288;
14791.0869140625;-116.3872146606;
14962.3632812500;-116.6944351196;
15135.6064453125;-116.9900817871;
15310.8730468750;-117.2673873901;
15488.1679687500;-117.5136108398;
15667.5166015625;-117.7115936279;
15848.9248046875;-117.8434753418;
16032.4511718750;-117.9319839478;
16218.1025390625;-118.0103454590;
16405.9042968750;-118.1112289429;
16595.8613281250;-118.2502899170;
16788.0371093750;-118.4163208008;
16982.4375000000;-118.5751037598;
17179.0898437500;-118.6866836548;
17378.0000000000;-118.7264633179;
17579.2324218750;-118.6995239258;
17782.7949218750;-118.6651458740;
17988.7148437500;-118.6122055054;
18197.0175781250;-118.6279678345;
18407.7148437500;-118.7526702881;
18620.8710937500;-119.1154174805;
18836.4941406250;-119.5100402832;
19054.6171875000;-119.7031860352;
19275.2421875000;-119.8394851685;
19498.4433593750;-119.9395065308;
19724.2304687500;-120.0068511963;
19952.6328125000;-120.0264205933;
20183.6562500000;-119.9881134033;
20417.3769531250;-119.9069213867;
20653.8046875000;-119.7724456787;
20892.9687500000;-119.6408691406;
21134.8808593750;-119.5199279785;
21379.6171875000;-119.3577880859;
21627.1875000000;-119.1576461792;
21877.6230468750;-118.7280426025;
22130.9355468750;-118.0930786133;
22387.2070312500;-117.5241775513;
22646.4433593750;-116.9010772705;
22908.6835937500;-115.9951477051;
23173.9335937500;-115.2835845947;
23442.2812500000;-114.9982910156;
23713.7363281250;-114.9634780884;
23988.3359375000;-115.3572235107;
24266.1132812500;-115.8461761475;
24547.0820312500;-116.5667648315;
24831.3300781250;-116.9761962891;
25118.8691406250;-115.6493301392;
25409.7402343750;-110.3908309937;
25703.9492187500;-103.0776901245;
26001.5937500000;-98.6070556641;
26302.6835937500;-96.3918457031;
26607.2617187500;-96.3020935059;
26915.3378906250;-98.5921020508;
27227.0097656250;-103.0318222046;
27542.2910156250;-107.5530929565;
27861.2226562500;-109.8240737915;
28183.8164062500;-110.1079864502;
28510.1777343750;-110.9399948120;
28840.3183593750;-112.8110580444;
29174.2812500000;-115.5677871704;
29512.0781250000;-116.7961425781;
29853.8203125000;-117.5523986816;
30199.5175781250;-115.5551071167;
30549.2207031250;-117.0026245117;
30902.9375000000;-117.8499526978;
31260.7851562500;-118.6210174561;
31622.7773437500;-119.0464172363;
31988.9589843750;-119.3993225098;
32359.3828125000;-119.5930633545;
32734.0585937500;-119.7249603271;
33113.1093750000;-119.7910156250;
33496.5507812500;-119.8131713867;
33884.4335937500;-119.8159103394;
34276.7656250000;-119.7857131958;
34673.6835937500;-119.7467193604;
35075.1953125000;-119.6839828491;
35481.3554687500;-119.6142196655;
35892.1796875000;-119.5382919312;
36307.8007812500;-119.4853820801;
36728.2343750000;-119.4490356445;
37153.5390625000;-119.4519271851;
37583.7226562500;-119.4731369019;
38018.9335937500;-119.4991836548;
38459.1796875000;-119.4812850952;
38904.5273437500;-119.3936767578;
39354.9882812500;-119.2445983887;
39810.7070312500;-118.9702148438;
40271.7070312500;-118.6581420898;
40738.0390625000;-118.3144607544;
41209.7304687500;-117.9509429932;
41686.9257812500;-117.5486221313;
42169.6484375000;-117.1047210693;
42657.9648437500;-116.5957260132;
43151.9296875000;-116.1084671021;
43651.5703125000;-115.7362823486;
44157.0429687500;-115.5304794312;
44668.3671875000;-115.6266326904;
45185.6171875000;-116.0108184814;
45708.8046875000;-116.5737380981;
46238.0976562500;-117.2539749146;
46773.5234375000;-117.9611511230;
47315.1484375000;-118.5085067749;
47862.9921875000;-118.8527755737;
48417.2304687500;-119.0238189697;
48977.8867187500;-119.0751953125;
49545.0390625000;-119.0608978271;
50118.7031250000;-118.8340606689;
50699.0625000000;-118.0485076904;
51286.1445312500;-116.8312988281;
51880.0234375000;-115.5816497803;
52480.7187500000;-114.7103881836;
53088.4335937500;-114.4934616089;
53703.1835937500;-115.0247268677;
54325.0507812500;-116.2299194336;
54954.0585937500;-117.8178634644;
55590.4101562500;-119.2147827148;
56234.1328125000;-119.9829864502;
56885.3085937500;-120.2686233521;
57544.0234375000;-120.3005065918;
58210.3046875000;-120.1740417480;
58884.3632812500;-119.9198760986;
59566.2265625000;-119.5262451172;
60255.9882812500;-119.1758804321;
60953.6679687500;-118.8057861328;
61659.4960937500;-118.2763442993;
62373.4960937500;-117.5218658447;
63095.7617187500;-116.7353286743;
63826.3242187500;-115.9746704102;
64565.4140625000;-114.4754333496;
65313.0625000000;-111.5924148560;
66069.3671875000;-108.4033508301;
66834.3593750000;-105.1543807983;
67608.2890625000;-103.9918289185;
68391.1718750000;-104.2821807861;
69183.1250000000;-105.0751953125;
69984.1640625000;-106.0103302002;
70794.5625000000;-106.7699584961;
71614.3437500000;-107.3455886841;
72443.6171875000;-107.7751617432;
73282.4140625000;-108.3940734863;
74131.0078125000;-109.4444503784;
74989.4218750000;-111.4030303955;
75857.7812500000;-112.7922897339;
76736.1875000000;-112.7267379761;
77624.6875000000;-111.7637252808;
78523.5625000000;-110.9051895142;
79432.8437500000;-110.8463211060;
80352.6484375000;-111.7450561523;
81283.0234375000;-113.1871795654;
82224.2578125000;-114.0321426392;
83176.3906250000;-115.4888610840;
84139.5546875000;-117.9259490967;
85113.7734375000;-121.0809173584;
86099.3671875000;-124.0327301025;
87096.3671875000;-125.2013168335;
88104.9218750000;-125.7012634277;
89125.0546875000;-126.0590286255;
90157.1015625000;-126.2219390869;
91201.0937500000;-125.9033737183;
92257.1718750000;-125.5552825928;
93325.3828125000;-125.6538314819;
94406.0703125000;-125.5661163330;
95499.2656250000;-124.4018859863;
96605.1171875000;-122.4264450073;
97723.6718750000;-120.9293136597;
98855.2812500000;-120.5980148315;
100000.0000000000;-121.9640884399;
101157.9687500000;-121.6414031982;
102329.3515625000;-121.3640899658;
103514.1875000000;-121.1296463013;
104712.8515625000;-121.0815429688;
105925.3984375000;-121.1189804077;
107151.9843750000;-121.4653396606;
108392.6562500000;-121.9678955078;
109647.8125000000;-122.6591262817;
110917.5000000000;-123.4782867432;
112201.8984375000;-124.2635803223;
113501.0390625000;-124.8537902832;
114815.3437500000;-125.0446166992;
116144.8750000000;-124.9650726318;
117489.8046875000;-124.4031982422;
118850.1718750000;-123.6120376587;
120226.4218750000;-122.6594772339;
121618.6093750000;-121.5672988892;
123026.9218750000;-120.5321426392;
124451.3984375000;-119.5819854736;
125892.5156250000;-118.8126068115;
127350.3125000000;-118.1655273438;
128824.9921875000;-117.4535598755;
130316.6093750000;-116.5984725952;
131825.6406250000;-115.3731079102;
133352.1406250000;-114.0970611572;
134896.3281250000;-112.9501953125;
136458.3906250000;-112.0838241577;
138038.3906250000;-111.7754211426;
139636.8281250000;-112.0433883667;
141253.7812500000;-112.8483581543;
142889.4687500000;-114.1923522949;
144543.9218750000;-116.0476303101;
146217.7031250000;-118.3271255493;
147910.8593750000;-120.5845565796;
149623.6250000000;-122.5899963379;
151356.0625000000;-124.3596725464;
153108.7187500000;-126.0144271851;
154881.6875000000;-127.6367645264;
156675.1718750000;-129.0691680908;
158489.2500000000;-129.9472503662;
160324.5156250000;-130.3644561768;
162181.0312500000;-130.5366210938;
164059.0312500000;-130.6043853760;
165958.6093750000;-130.6246337891;
167880.3593750000;-130.6036529541;
169824.3750000000;-130.5289916992;
171790.8906250000;-130.3919830322;
173779.9843750000;-130.2117767334;
175792.3125000000;-130.0433807373;
177827.9375000000;-129.9623413086;
179887.1406250000;-129.9003601074;
181970.1875000000;-129.7910003662;
184077.1406250000;-129.2914428711;
186208.7031250000;-126.6133270264;
188364.9531250000;-123.1630096436;
190546.1562500000;-121.2064285278;
192752.4218750000;-120.0556106567;
194984.4375000000;-119.8062438965;
197242.3125000000;-120.4618682861;
199526.3125000000;-121.9462203979;
201836.5625000000;-124.0039901733;
204173.7656250000;-126.0054473877;
206538.0468750000;-127.3096389771;
208929.7031250000;-127.5158843994;
211348.8125000000;-127.5729751587;
213796.1718750000;-127.6132812500;
216271.8750000000;-127.6470642090;
218776.2343750000;-127.9829864502;
221309.3593750000;-128.7471466064;
223872.0625000000;-129.3693542480;
226464.4375000000;-129.8733825684;
229086.8281250000;-130.2548217773;
231739.3437500000;-130.3388519287;
234422.8125000000;-130.2172088623;
237137.3750000000;-129.6326751709;
239883.3593750000;-128.5295104980;
242661.1406250000;-127.4275054932;
245470.8125000000;-125.6508865356;
248313.2968750000;-124.3846206665;
251188.7031250000;-124.0252227783;
254097.3906250000;-124.3989639282;
257039.4843750000;-125.4102859497;
260015.9375000000;-126.5604934692;
263026.8437500000;-127.0964965820;
266072.6250000000;-126.7325286865;
269153.3750000000;-125.0440521240;
272270.0937500000;-123.0222854614;
275422.9062500000;-121.6081008911;
278612.2187500000;-121.3431091309;
281838.1562500000;-122.3444976807;
285101.7812500000;-123.5088729858;
288403.1875000000;-123.3909301758;
291742.8125000000;-121.5104751587;
295120.7812500000;-119.3245391846;
298538.1875000000;-117.0211181641;
301995.1875000000;-116.1323394775;
305492.2187500000;-115.4916458130;
309029.3750000000;-114.9602355957;
312607.8437500000;-114.4594192505;
316227.7812500000;-114.0107879639;
319889.5937500000;-113.6284027100;
323593.8125000000;-113.2813262939;
327340.5937500000;-113.0887680054;
331131.0937500000;-112.9875259399;
334965.5000000000;-113.0203399658;
338844.3125000000;-113.2644653320;
342767.6562500000;-113.6156463623;
346736.8125000000;-114.1442489624;
350751.9375000000;-114.7310791016;
354813.5312500000;-115.2825622559;
358921.7812500000;-115.5947265625;
363078.0000000000;-115.3964385986;
367282.3437500000;-114.8295898438;
371535.3750000000;-113.7815017700;
375837.2500000000;-112.4996261597;
380189.3437500000;-111.0981521606;
384591.8125000000;-109.5923690796;
389045.2812500000;-107.7486572266;
393549.8750000000;-105.5937194824;
398107.0937500000;-103.2040557861;
402717.0625000000;-100.6628875732;
407380.4062500000;-98.3254699707;
412097.3125000000;-96.3151168823;
416869.2812500000;-94.6929473877;
421696.5000000000;-93.5148925781;
426579.6250000000;-92.9074325562;
431519.3125000000;-92.8674087524;
436515.6875000000;-93.3269577026;
441570.4375000000;-94.2840042114;
446683.6875000000;-95.7241363525;
451856.1562500000;-97.6156463623;
457088.0312500000;-99.9408493042;
462380.9687500000;-102.5350952148;
467735.2187500000;-105.2744369507;
473151.4687500000;-108.0364913940;
478629.9062500000;-110.6868133545;
484172.3125000000;-113.1014175415;
489778.8750000000;-115.1941223145;
495450.3750000000;-116.9405364990;
501187.0000000000;-118.4003448486;
506990.6250000000;-119.7535934448;
512861.4375000000;-121.2163925171;
518800.2187500000;-122.8549423218;
524807.1875000000;-124.4968490601;
530884.3125000000;-125.9167938232;
537031.8125000000;-126.9672241211;
543250.5000000000;-127.7641448975;
549540.5625000000;-128.3858947754;
555904.1250000000;-128.9085235596;
562341.3125000000;-129.4273376465;
568853.0625000000;-129.9768676758;
575440.2500000000;-130.4872589111;
582103.0625000000;-130.8049926758;
588843.6250000000;-130.0499420166;
595662.2500000000;-127.4877319336;
602559.8750000000;-125.1904983521;
609536.6875000000;-123.3048706055;
616594.9375000000;-122.1471252441;
623734.9375000000;-121.8280944824;
630957.6250000000;-122.3672332764;
638263.2500000000;-124.5964508057;
645654.1250000000;-127.9333190918;
653130.6250000000;-129.8174133301;
660693.6875000000;-131.0305786133;
668343.6250000000;-131.9557952881;
676082.8750000000;-132.4880218506;
683911.6875000000;-132.7763824463;
691831.1875000000;-133.3648986816;
699841.6875000000;-134.0963745117;
707945.6250000000;-134.5584564209;
716143.4375000000;-134.8617095947;
724436.1875000000;-133.7926788330;
732824.1250000000;-131.7052001953;
741310.0625000000;-128.4239044189;
749894.1875000000;-126.6991195679;
758577.7500000000;-127.1852035522;
767361.8750000000;-129.6569671631;
776246.8750000000;-132.4412078857;
785235.6250000000;-136.7435455322;
794328.4375000000;-139.5557861328;
803526.5000000000;-140.0657196045;
812830.2500000000;-140.1877593994;
822242.5625000000;-140.2839965820;
831763.9375000000;-140.6826629639;
841395.5000000000;-141.1119995117;
851137.6875000000;-141.4045410156;
860993.6250000000;-141.5740509033;
870963.6875000000;-141.7098541260;
881049.2500000000;-141.8838043213;
891250.5625000000;-142.0472412109;
901571.0000000000;-142.1862792969;
912010.9375000000;-142.0054473877;
922571.7500000000;-142.1220092773;
933253.8750000000;-142.9829559326;
944060.6875000000;-144.0869750977;
954992.6250000000;-144.8762054443;
966051.1875000000;-145.0909118652;
977236.6875000000;-145.1575164795;
988552.8125000000;-145.0487976074;
1000000.0000000000;-144.8655242920;
