Window;1;Noise Spectrum;
Trace;1;
1.0000000000;-122.3539733887;
1.0115795135;-122.1772003174;
1.0232930183;-121.8937911987;
1.0351421833;-121.5096435547;
1.0471285582;-121.1254959106;
1.0592536926;-120.7413482666;
1.0715192556;-120.3572006226;
1.0839269161;-119.9839630127;
1.0964782238;-119.6437377930;
1.1091748476;-119.3035049438;
1.1220184565;-118.9632720947;
1.1350108385;-118.6230468750;
1.1481536627;-118.3286590576;
1.1614485979;-118.1500091553;
1.1748975515;-117.9713592529;
1.1885021925;-117.7927093506;
1.2022644281;-117.6140594482;
1.2161860466;-117.5438003540;
1.2302688360;-117.5496368408;
1.2445145845;-117.5554733276;
1.2589254379;-117.5613098145;
1.2735030651;-117.5881576538;
1.2882494926;-117.7528915405;
1.3031667471;-117.9176177979;
1.3182567358;-118.0823440552;
1.3335214853;-118.2470779419;
1.3489629030;-118.4309463501;
1.3645831347;-118.6170806885;
1.3803843260;-118.8032150269;
1.3963683844;-118.9893417358;
1.4125375748;-118.9404907227;
1.4288939238;-118.8513717651;
1.4454398155;-118.7622451782;
1.4621771574;-118.6731185913;
1.4791084528;-118.3174591064;
1.4962356091;-117.9598312378;
1.5135612488;-117.6022033691;
1.5310875177;-117.2460250854;
1.5488165617;-116.8932876587;
1.5667510033;-116.5405502319;
1.5848932266;-116.1878128052;
1.6032453775;-115.9475097656;
1.6218100786;-115.7446289063;
1.6405898333;-115.5417480469;
1.6595869064;-115.4159469604;
1.6788040400;-115.4374313354;
1.6982436180;-115.4589080811;
1.7179083824;-115.4988403320;
1.7378008366;-115.8022155762;
1.7579236031;-116.1055831909;
1.7782794237;-116.4089508057;
1.7988709211;-116.9820480347;
1.8197008371;-117.5829162598;
1.8407719135;-118.1837768555;
1.8620871305;-118.8580169678;
1.8836491108;-119.5443267822;
1.9054607153;-120.2306442261;
1.9275249243;-120.5256195068;
1.9498445988;-120.7837600708;
1.9724227190;-121.0118331909;
1.9952623844;-120.8135681152;
2.0183663368;-120.6153106689;
2.0417380333;-120.3753051758;
2.0653800964;-120.0416183472;
2.0892961025;-119.7079391479;
2.1134889126;-119.4449157715;
2.1379621029;-119.2224273682;
2.1627185345;-119.0032806396;
2.1877615452;-118.8593978882;
2.2130947113;-118.7155151367;
2.2387211323;-118.4996871948;
2.2646441460;-118.2186813354;
2.2908678055;-117.9156036377;
2.3173947334;-117.3507461548;
2.3442287445;-116.7858963013;
2.3713736534;-116.2194519043;
2.3988327980;-115.6523132324;
2.4266099930;-115.2264022827;
2.4547088146;-115.0294494629;
2.4831330776;-114.9017868042;
2.5118863583;-115.2578353882;
2.5409727097;-115.6138839722;
2.5703957081;-116.6289749146;
2.6001594067;-117.6965560913;
2.6302678585;-119.6625976563;
2.6607251167;-121.8798980713;
2.6915347576;-123.7998352051;
2.7227013111;-125.5851821899;
2.7542285919;-125.5481109619;
2.7861211300;-124.5059967041;
2.8183827400;-124.0168533325;
2.8510184288;-123.8284835815;
2.8840315342;-123.2909088135;
2.9174270630;-122.6006011963;
2.9512093067;-121.8326187134;
2.9853825569;-121.0435791016;
3.0199515820;-120.6035766602;
3.0549211502;-120.2344131470;
3.0902955532;-120.2690429688;
3.1260793209;-120.4236831665;
3.1622776985;-120.8596878052;
3.1988949776;-121.4734115601;
3.2359364033;-122.2359619141;
3.2734067440;-123.1873931885;
3.3113110065;-124.1597518921;
3.3496541977;-125.0107421875;
3.3884413242;-125.3480072021;
3.4276781082;-125.1354904175;
3.4673686028;-124.3329315186;
3.5075187683;-123.4959487915;
3.5481340885;-122.8304443359;
3.5892193317;-122.5179824829;
3.6307804585;-122.4426803589;
3.6728229523;-122.8097763062;
3.7153522968;-123.4406356812;
3.7583739758;-124.2266693115;
3.8018937111;-125.0860290527;
3.8459177017;-125.8546218872;
3.8904511929;-126.5950469971;
3.9355010986;-127.3602676392;
3.9810719490;-128.0606994629;
4.0271706581;-128.4494934082;
4.0738029480;-128.4356536865;
4.1209754944;-127.8661651611;
4.1686940193;-127.3984603882;
4.2169651985;-127.2775268555;
4.2657952309;-127.6983871460;
4.3151907921;-129.0072021484;
4.3651580811;-131.0082092285;
4.4157042503;-131.4540100098;
4.4668354988;-130.2411193848;
4.5185589790;-128.2913818359;
4.5708823204;-127.0309219360;
4.6238102913;-126.9564437866;
4.6773514748;-127.0564422607;
4.7315125465;-127.1781005859;
4.7863011360;-127.3077697754;
4.8417239189;-127.4077758789;
4.8977880478;-127.5077743530;
4.9545016289;-127.6077728271;
5.0118722916;-127.7077713013;
5.0699067116;-127.8077697754;
5.1286134720;-127.9077682495;
5.1880002022;-127.8927230835;
5.2480750084;-127.5245361328;
5.3088445663;-129.5868225098;
5.3703184128;-132.3363952637;
5.4325037003;-131.4293060303;
5.4954090118;-128.6473846436;
5.5590424538;-127.2836227417;
5.6234130859;-124.9920272827;
5.6885290146;-124.1585311890;
5.7543992996;-125.8283309937;
5.8210320473;-131.2966613770;
5.8884363174;-137.4963378906;
5.9566211700;-134.6510162354;
6.0255956650;-132.4433135986;
6.0953693390;-131.6432647705;
6.1659502983;-131.9076843262;
6.2373485565;-133.0601959229;
6.3095736504;-134.9038848877;
6.3826351166;-136.4819793701;
6.4565424919;-135.5254364014;
6.5313053131;-130.5066223145;
6.6069345474;-127.9400863647;
6.6834387779;-126.6397857666;
6.7608294487;-126.2717361450;
6.8391160965;-126.2198028564;
6.9183092117;-125.7532348633;
6.9984202385;-125.5811920166;
7.0794582367;-125.9617233276;
7.1614346504;-127.3883514404;
7.2443599701;-128.1731262207;
7.3282456398;-127.3863220215;
7.4131026268;-126.1227035522;
7.4989418983;-125.8900451660;
7.5857758522;-126.8220291138;
7.6736145020;-128.2491149902;
7.7624707222;-129.6352691650;
7.8523559570;-132.0341339111;
7.9432821274;-132.8328247070;
8.0352611542;-131.6468200684;
8.1283054352;-131.0557556152;
8.2224273682;-130.1942291260;
8.3176383972;-128.4242706299;
8.4139518738;-127.1522598267;
8.5113801956;-126.5663833618;
8.6099376678;-126.2004013062;
8.7096357346;-125.9052047729;
8.8104887009;-125.8495635986;
8.9125089645;-126.5779647827;
9.0157108307;-128.9411468506;
9.1201076508;-134.8511962891;
9.2257137299;-139.5577392578;
9.3325433731;-135.7106628418;
9.4406089783;-130.6734008789;
9.5499258041;-128.1069488525;
9.6605091095;-128.3195648193;
9.7723722458;-130.5037231445;
9.8855314255;-133.2136230469;
10.0000000000;-135.4061584473;
10.1157941818;-136.2592163086;
10.2329292297;-137.0935821533;
10.3514213562;-137.7164154053;
10.4712848663;-137.9629821777;
10.5925369263;-137.7889862061;
10.7151927948;-137.2502136230;
10.8392686844;-136.4187316895;
10.9647808075;-135.3641662598;
11.0917472839;-134.4502105713;
11.2201833725;-133.1842346191;
11.3501071930;-131.9288940430;
11.4815349579;-130.7691497803;
11.6144876480;-129.7754669189;
11.7489767075;-129.0000915527;
11.8850231171;-128.3581237793;
12.0226459503;-128.2946166992;
12.1618614197;-128.6472778320;
12.3026885986;-129.2804870605;
12.4451465607;-130.1403656006;
12.5892543793;-131.1129150391;
12.7350311279;-132.0116729736;
12.8824958801;-132.5958404541;
13.0316677094;-132.3907318115;
13.1825675964;-131.4289093018;
13.3352146149;-130.7566223145;
13.4896287918;-130.2695922852;
13.6458311081;-129.9976043701;
13.8038425446;-129.9743804932;
13.9636831284;-130.2549591064;
14.1253747940;-130.5867614746;
14.2889385223;-131.2084808350;
14.4543962479;-131.9347381592;
14.6217708588;-132.4803924561;
14.7910823822;-133.0760498047;
14.9623546600;-133.9945678711;
15.1356105804;-134.8207855225;
15.3108730316;-134.8066406250;
15.4881677628;-133.9488983154;
15.6675128937;-133.3032531738;
15.8489332199;-132.7168731689;
16.0324554443;-132.4983367920;
16.2181015015;-132.5870819092;
16.4058990479;-132.8410491943;
16.5958709717;-133.1594848633;
16.7880401611;-133.2104492188;
16.9824371338;-132.4863128662;
17.1790847778;-131.4528350830;
17.3780078888;-130.6683502197;
17.5792369843;-130.5041809082;
17.7827949524;-131.1148376465;
17.9887084961;-132.2930450439;
18.1970081329;-133.6568756104;
18.4077186584;-134.5347137451;
18.6208705902;-135.0023956299;
18.8364906311;-135.4039459229;
19.0546054840;-136.1754608154;
19.2752475739;-136.7376251221;
19.4984436035;-135.9914398193;
19.7242259979;-135.3348846436;
19.9526214600;-135.2437286377;
20.1836605072;-135.5238037109;
20.4173774719;-136.1369323730;
20.6538047791;-136.8854370117;
20.8929634094;-138.0148162842;
21.1348934174;-139.4047088623;
21.3796234131;-140.0112762451;
21.6271877289;-138.4646911621;
21.8776187897;-137.1282653809;
22.1309490204;-135.9627685547;
22.3872127533;-134.4942016602;
22.6464443207;-133.1260528564;
22.9086780548;-132.0411682129;
23.1739463806;-131.3221893311;
23.4422893524;-131.1619415283;
23.7137374878;-131.6399383545;
23.9883289337;-132.4662933350;
24.2660999298;-133.2668914795;
24.5470886230;-134.5867309570;
24.8313293457;-136.5685272217;
25.1188621521;-137.3477020264;
25.4097251892;-137.1756134033;
25.7039566040;-137.6558227539;
26.0015926361;-138.2833862305;
26.3026771545;-137.8318328857;
26.6072483063;-137.7210388184;
26.9153442383;-137.5212554932;
27.2270088196;-135.7552795410;
27.5422897339;-134.5953826904;
27.8612155914;-135.3156738281;
28.1838321686;-137.6814117432;
28.5101852417;-139.1545104980;
28.8403167725;-136.0606689453;
29.1742725372;-133.8388519287;
29.5120944977;-133.4581909180;
29.8538284302;-135.1328125000;
30.1995182037;-137.7093200684;
30.5492115021;-138.4633789063;
30.9029541016;-139.3832244873;
31.2607936859;-140.2081146240;
31.6227760315;-140.8529052734;
31.9889507294;-141.0904998779;
32.3593635559;-140.8279724121;
32.7340698242;-140.3121032715;
33.1131095886;-139.6119537354;
33.4965438843;-138.8684997559;
33.8844146729;-138.2217712402;
34.2767753601;-137.6865844727;
34.6736831665;-137.2795867920;
35.0751838684;-137.0193481445;
35.4813346863;-136.9311370850;
35.8921890259;-136.9647827148;
36.3078002930;-137.1097106934;
36.7282333374;-137.3549041748;
37.1535263062;-137.6899719238;
37.5837440491;-138.1166992188;
38.0189437866;-138.5942382813;
38.4591827393;-139.0511322021;
38.9045181274;-139.3805389404;
39.3550109863;-139.4612579346;
39.8107185364;-139.2299194336;
40.2717056274;-138.7512512207;
40.7380294800;-138.1869964600;
41.2097511292;-137.6398468018;
41.6869392395;-137.1247558594;
42.1696510315;-136.6462249756;
42.6579513550;-136.2425842285;
43.1519050598;-135.9695892334;
43.6515808105;-135.8747711182;
44.1570434570;-135.9778900146;
44.6683578491;-136.3139495850;
45.1855926514;-136.7239227295;
45.7088165283;-137.1598358154;
46.2380981445;-137.5934600830;
46.7735099792;-138.0554199219;
47.3151206970;-138.5768127441;
47.8630027771;-139.1044616699;
48.4172286987;-139.5086975098;
48.9778900146;-139.7325439453;
49.5450248718;-139.8651580811;
50.1187286377;-140.2046661377;
50.6990776062;-140.8950042725;
51.2861442566;-141.5621948242;
51.8800086975;-142.2166900635;
52.4807510376;-142.6304626465;
53.0884475708;-142.6401977539;
53.7031822205;-141.8959197998;
54.3250350952;-140.6531372070;
54.9540901184;-139.6365051270;
55.5904273987;-138.6767425537;
56.2341308594;-137.6282348633;
56.8852920532;-137.0790557861;
57.5439910889;-136.9848937988;
58.2103195190;-137.0784149170;
58.8843612671;-137.2613525391;
59.5662117004;-137.3660583496;
60.2559547424;-137.3578643799;
60.9536857605;-137.1529846191;
61.6594963074;-137.0134582520;
62.3734779358;-137.1268005371;
63.0957260132;-137.6140899658;
63.8263397217;-138.2007904053;
64.5654144287;-138.5454254150;
65.3130645752;-138.6572265625;
66.0693511963;-138.7904052734;
66.8343963623;-139.1203002930;
67.6083068848;-139.6184692383;
68.3911743164;-139.9377593994;
69.1831054688;-139.9287414551;
69.9842071533;-139.5249023438;
70.7945785522;-139.0234832764;
71.6143417358;-138.9760589600;
72.4435958862;-140.0555725098;
73.2824554443;-140.9180755615;
74.1310272217;-140.2073822021;
74.9894180298;-139.0315704346;
75.8577575684;-138.5287322998;
76.7361450195;-138.6038055420;
77.6247100830;-139.0818634033;
78.5235595703;-140.1025085449;
79.4328155518;-140.8408966064;
80.3526077271;-140.7092132568;
81.2830429077;-140.1057739258;
82.2242584229;-139.4404144287;
83.1763687134;-139.5018768311;
84.1395034790;-139.8612060547;
85.1137924194;-139.7692565918;
86.0993652344;-139.7139129639;
87.0963668823;-140.2135925293;
88.1048965454;-140.9699859619;
89.1251068115;-141.5970153809;
90.1571197510;-142.1188354492;
91.2010955811;-142.2973175049;
92.2571487427;-142.0661468506;
93.3254394531;-141.9797363281;
94.4060897827;-141.9171905518;
95.4992599487;-141.9284210205;
96.6050872803;-142.2130432129;
97.7237243652;-142.0952911377;
98.8553085327;-141.4780273438;
100.0000000000;-141.7969665527;
101.1579742432;-141.7798461914;
102.3292999268;-141.7741546631;
103.5142440796;-141.7792663574;
104.7128524780;-141.7811431885;
105.9253921509;-141.7775421143;
107.1519241333;-141.7356719971;
108.3927154541;-141.6724853516;
109.6478118896;-141.5836029053;
110.9175033569;-141.4856262207;
112.2018356323;-141.3929901123;
113.5010986328;-141.3237304688;
114.8153457642;-141.2953491211;
116.1448745728;-141.2978057861;
117.4897384644;-141.3702392578;
118.8502349854;-141.4921569824;
120.2264251709;-141.6501312256;
121.6186141968;-141.8459930420;
123.0268554688;-142.0354919434;
124.4514694214;-142.2131958008;
125.8925170898;-142.3634643555;
127.3503112793;-142.4900817871;
128.8249206543;-142.5959014893;
130.3166809082;-142.6761932373;
131.8256378174;-142.6890716553;
133.3521423340;-142.6543273926;
134.8963165283;-142.6139678955;
136.4583129883;-142.6056060791;
138.0384674072;-142.7272186279;
139.6368255615;-142.9770965576;
141.2537841797;-143.2776794434;
142.8893890381;-143.5548248291;
144.5440063477;-143.7203063965;
146.2176971436;-143.6889038086;
147.9108581543;-143.5493774414;
149.6235504150;-143.3875274658;
151.3561553955;-143.2691650391;
153.1087188721;-143.2485809326;
154.8816833496;-143.3577728271;
156.6750793457;-143.5892639160;
158.4893341064;-143.8455963135;
160.3245086670;-143.9709320068;
162.1810302734;-143.9116058350;
164.0589447021;-143.7187957764;
165.9586944580;-143.4790649414;
167.8803710938;-143.2552642822;
169.8243713379;-143.0829620361;
171.7908020020;-143.0022430420;
173.7800903320;-143.0630645752;
175.7923126221;-143.2728424072;
177.8279418945;-143.4408264160;
179.8871459961;-143.6777191162;
181.9700775146;-143.7695312500;
184.0772399902;-143.8430786133;
186.2087097168;-144.3123779297;
188.3649444580;-145.0471038818;
190.5460662842;-145.3120269775;
192.7525329590;-145.2450714111;
194.9844360352;-145.0390625000;
197.2423095703;-144.9333190918;
199.5262145996;-144.9972076416;
201.8366699219;-145.1026763916;
204.1737670898;-145.0282440186;
206.5380401611;-144.3769226074;
208.9295806885;-143.5740814209;
211.3489227295;-143.2213439941;
213.7961730957;-143.1302032471;
216.2718658447;-143.2962799072;
218.7761230469;-143.8635559082;
221.3094787598;-144.4962768555;
223.8720703125;-144.8058776855;
226.4644470215;-145.0305633545;
229.0867156982;-145.2957611084;
231.7394714355;-145.3899841309;
234.4228210449;-145.2478485107;
237.1373748779;-144.9512939453;
239.8833618164;-144.8603363037;
242.6610107422;-144.9491119385;
245.4709472656;-145.0572967529;
248.3132934570;-145.1693878174;
251.1887054443;-145.6285247803;
254.0972595215;-146.3038940430;
257.0396423340;-146.5907897949;
260.0159301758;-146.4971618652;
263.0268554688;-146.3728332520;
266.0724792480;-146.2665863037;
269.1535339355;-146.1199188232;
272.2700805664;-145.9832458496;
275.4229125977;-145.9136505127;
278.6120605469;-146.0198059082;
281.8383178711;-146.2962341309;
285.1017761230;-146.4819488525;
288.4031677246;-146.5017700195;
291.7426452637;-146.5009002686;
295.1209411621;-146.5773773193;
298.5382080078;-146.6527862549;
301.9951782227;-146.6060180664;
305.4920349121;-146.6433868408;
309.0295410156;-146.6894683838;
312.6078491211;-146.7340545654;
316.2277526855;-146.7718811035;
319.8895874023;-146.8016204834;
323.5936584473;-146.8135528564;
327.3407592773;-146.8197631836;
331.1311035156;-146.8198852539;
334.9655151367;-146.8326416016;
338.8441467285;-146.8509674072;
342.7678527832;-146.8991088867;
346.7368164063;-146.9565277100;
350.7519226074;-147.0401458740;
354.8133544922;-147.1450042725;
358.9219970703;-147.2685852051;
363.0780029297;-147.4219207764;
367.2823486328;-147.5767974854;
371.5351867676;-147.7239685059;
375.8374328613;-147.8253021240;
380.1893310547;-147.8956146240;
384.5918273926;-147.8952331543;
389.0450744629;-147.8833160400;
393.5501098633;-147.8636627197;
398.1070861816;-147.8733215332;
402.7170410156;-147.8917236328;
407.3801879883;-147.9129028320;
412.0975341797;-147.8986358643;
416.8692626953;-147.8459472656;
421.6965026855;-147.7714843750;
426.5796203613;-147.6895446777;
431.5190734863;-147.6607513428;
436.5159301758;-147.6934204102;
441.5704345703;-147.7947998047;
446.6836853027;-147.9805603027;
451.8559265137;-148.1972961426;
457.0882873535;-148.3983306885;
462.3809814453;-148.5572662354;
467.7352294922;-148.6453857422;
473.1512145996;-148.6519927979;
478.6301574707;-148.6279754639;
484.1723022461;-148.5952453613;
489.7788696289;-148.5727996826;
495.4501037598;-148.5756378174;
501.1872863770;-148.6322937012;
506.9906311035;-148.7724151611;
512.8614501953;-148.9902191162;
518.7999267578;-149.2377166748;
524.8074951172;-149.4280242920;
530.8843383789;-149.4715881348;
537.0317993164;-149.3306121826;
543.2501831055;-149.0544128418;
549.5408935547;-148.7493896484;
555.9041137695;-148.5275573730;
562.3413085938;-148.4550018311;
568.8530883789;-148.5286102295;
575.4399414063;-148.7073516846;
582.1033325195;-148.9353942871;
588.8436279297;-149.1586914063;
595.6622924805;-149.3553771973;
602.5595703125;-149.4363403320;
609.5369873047;-149.4757995605;
616.5949707031;-149.5245056152;
623.7349243164;-149.6044616699;
630.9572753906;-149.7178649902;
638.2636108398;-149.8597106934;
645.6541137695;-150.0031890869;
653.1306152344;-150.1149902344;
660.6933593750;-150.2092895508;
668.3439941406;-150.4396057129;
676.0828857422;-150.7063293457;
683.9116821289;-150.7282714844;
691.8308105469;-150.5718536377;
699.8420410156;-150.3224487305;
707.9456176758;-150.0696563721;
716.1434326172;-149.7815246582;
724.4357910156;-149.6928253174;
732.8245239258;-149.8276824951;
741.3100585938;-150.0428314209;
749.8942260742;-150.1986846924;
758.5777587891;-150.1839447021;
767.3614501953;-150.2485198975;
776.2473144531;-150.4499359131;
785.2355957031;-150.5155029297;
794.3284301758;-150.4580535889;
803.5260620117;-150.3289337158;
812.8306884766;-150.1271667480;
822.2425537109;-150.0133209229;
831.7639160156;-150.1485443115;
841.3950195313;-150.5542449951;
851.1381835938;-150.9174957275;
860.9936523438;-151.1780548096;
870.9636840820;-151.3936614990;
881.0487670898;-151.4513702393;
891.2510375977;-151.3822174072;
901.5709838867;-151.3755187988;
912.0109252930;-151.3362579346;
922.5712280273;-151.2767639160;
933.2543334961;-151.3729705811;
944.0606689453;-151.5579376221;
954.9926147461;-151.4827575684;
966.0506591797;-151.2707366943;
977.2372436523;-151.2453002930;
988.5528564453;-151.4474639893;
1000.0000000000;-151.3935852051;
1011.5797119141;-151.4452056885;
1023.2929687500;-151.5093231201;
1035.1424560547;-151.5852355957;
1047.1285400391;-151.6593780518;
1059.2539062500;-151.7299499512;
1071.5192871094;-151.7747650146;
1083.9271240234;-151.8021545410;
1096.4781494141;-151.8085021973;
1109.1750488281;-151.7887420654;
1122.0183105469;-151.7600555420;
1135.0109863281;-151.7198028564;
1148.1534423828;-151.6862640381;
1161.4487304688;-151.6611022949;
1174.8973388672;-151.6689910889;
1188.5023193359;-151.7074584961;
1202.2642822266;-151.7682037354;
1216.1861572266;-151.8524475098;
1230.2685546875;-151.9275970459;
1244.5146484375;-151.9899597168;
1258.9251708984;-152.0257568359;
1273.5031738281;-152.0458679199;
1288.2492675781;-152.0674896240;
1303.1667480469;-152.0965881348;
1318.2563476563;-152.1442413330;
1333.5214843750;-152.1961364746;
1348.9632568359;-152.2474517822;
1364.5831298828;-152.2955169678;
1380.3846435547;-152.3445892334;
1396.3682861328;-152.3993682861;
1412.5378417969;-152.4508056641;
1428.8939208984;-152.4888305664;
1445.4400634766;-152.5020599365;
1462.1770019531;-152.4857788086;
1479.1086425781;-152.4660034180;
1496.2354736328;-152.4572906494;
1513.5615234375;-152.4636383057;
1531.0872802734;-152.4837188721;
1548.8167724609;-152.5157775879;
1566.7508544922;-152.5666656494;
1584.8933105469;-152.6595458984;
1603.2451171875;-152.7986145020;
1621.8101806641;-152.9705505371;
1640.5894775391;-153.1493225098;
1659.5870361328;-153.3086700439;
1678.8035888672;-153.4333801270;
1698.2437744141;-153.5219116211;
1717.9079589844;-153.5812683105;
1737.8009033203;-153.6199645996;
1757.9230957031;-153.6403961182;
1778.2794189453;-153.6452026367;
1798.8713378906;-153.6201324463;
1819.7008056641;-153.5630950928;
1840.7724609375;-153.4980621338;
1862.0870361328;-153.4387359619;
1883.6495361328;-153.4281311035;
1905.4605712891;-153.4596099854;
1927.5252685547;-153.5224761963;
1949.8444824219;-153.5951995850;
1972.4230957031;-153.6464233398;
1995.2620849609;-153.6637268066;
2018.3666992188;-153.6579437256;
2041.7376708984;-153.6426696777;
2065.3803710938;-153.6107788086;
2089.2958984375;-153.5848846436;
2113.4892578125;-153.5959472656;
2137.9616699219;-153.6453857422;
2162.7187500000;-153.7313537598;
2187.7612304688;-153.8727416992;
2213.0949707031;-153.9422912598;
2238.7207031250;-153.9230651855;
2264.6442871094;-153.9022216797;
2290.8671875000;-154.0032501221;
2317.3947753906;-154.2603912354;
2344.2282714844;-154.4625549316;
2371.3737792969;-154.6639862061;
2398.8334960938;-154.7469024658;
2426.6101074219;-154.7499237061;
2454.7094726563;-154.7021484375;
2483.1330566406;-154.6157073975;
2511.8869628906;-154.5421905518;
2540.9726562500;-154.5002136230;
2570.3962402344;-154.4995574951;
2600.1594238281;-154.5745086670;
2630.2685546875;-154.6858825684;
2660.7248535156;-154.7019042969;
2691.5351562500;-154.5828704834;
2722.7009277344;-154.4497680664;
2754.2290039063;-154.3922882080;
2786.1208496094;-154.4083862305;
2818.3833007813;-154.5052490234;
2851.0178222656;-154.6682281494;
2884.0317382813;-154.8428802490;
2917.4265136719;-154.9721527100;
2951.2094726563;-155.0255279541;
2985.3820800781;-155.0613555908;
3019.9519042969;-155.0042724609;
3054.9204101563;-155.0343170166;
3090.2954101563;-155.0560607910;
3126.0786132813;-155.0791778564;
3162.2775878906;-155.1084747314;
3198.8959960938;-155.1420440674;
3235.9365234375;-155.1849975586;
3273.4077148438;-155.2297821045;
3311.3110351563;-155.2765045166;
3349.6550292969;-155.3158264160;
3388.4414062500;-155.3518676758;
3427.6784667969;-155.3715515137;
3467.3681640625;-155.3869171143;
3507.5192871094;-155.3907165527;
3548.1335449219;-155.3920593262;
3589.2199707031;-155.3912506104;
3630.7800292969;-155.3980102539;
3672.8234863281;-155.4091339111;
3715.3518066406;-155.4299468994;
3758.3745117188;-155.4528656006;
3801.8933105469;-155.4761962891;
3845.9182128906;-155.4931945801;
3890.4506835938;-155.5091552734;
3935.5009765625;-155.5248870850;
3981.0708007813;-155.5529174805;
4027.1704101563;-155.5908813477;
4073.8017578125;-155.6370391846;
4120.9750976563;-155.6869964600;
4168.6928710938;-155.7276611328;
4216.9648437500;-155.7599639893;
4265.7963867188;-155.7813415527;
4315.1904296875;-155.8053131104;
4365.1591796875;-155.8362884521;
4415.7041015625;-155.8742523193;
4466.8369140625;-155.9136810303;
4518.5590820313;-155.9409179688;
4570.8828125000;-155.9567260742;
4623.8095703125;-155.9627532959;
4677.3520507813;-155.9635314941;
4731.5122070313;-155.9705505371;
4786.3017578125;-155.9901885986;
4841.7231445313;-156.0248718262;
4897.7890625000;-156.0749969482;
4954.5009765625;-156.1385955811;
5011.8730468750;-156.2144165039;
5069.9062500000;-156.2992401123;
5128.6142578125;-156.3864746094;
5187.9995117188;-156.4667358398;
5248.0747070313;-156.5306396484;
5308.8432617188;-156.5724487305;
5370.3183593750;-156.5921173096;
5432.5019531250;-156.5933074951;
5495.4086914063;-156.5792999268;
5559.0410156250;-156.5512847900;
5623.4130859375;-156.5125885010;
5688.5307617188;-156.4710998535;
5754.3994140625;-156.4345397949;
5821.0336914063;-156.4070129395;
5888.4365234375;-156.3945465088;
5956.6225585938;-156.4138336182;
6025.5957031250;-156.4741363525;
6095.3701171875;-156.5602569580;
6165.9497070313;-156.6375122070;
6237.3496093750;-156.6699066162;
6309.5727539063;-156.6427307129;
6382.6357421875;-156.5719299316;
6456.5415039063;-156.5008392334;
6531.3061523438;-156.4836730957;
6606.9335937500;-156.5481414795;
6683.4399414063;-156.7006072998;
6760.8286132813;-156.7457580566;
6839.1171875000;-156.7124023438;
6918.3081054688;-156.7136077881;
6998.4204101563;-156.7730255127;
7079.4560546875;-156.8462524414;
7161.4345703125;-156.8495941162;
7244.3579101563;-156.7458496094;
7328.2456054688;-156.6685943604;
7413.1005859375;-156.6283111572;
7498.9418945313;-156.6640930176;
7585.7778320313;-156.7781524658;
7673.6147460938;-156.8742828369;
7762.4731445313;-156.9460296631;
7852.3559570313;-156.9107818604;
7943.2841796875;-156.8705444336;
8035.2607421875;-156.8922882080;
8128.3066406250;-156.9989624023;
8222.4257812500;-157.0999755859;
8317.6396484375;-157.2026214600;
8413.9501953125;-157.1792755127;
8511.3818359375;-157.0605926514;
8609.9365234375;-157.0153045654;
8709.6367187500;-157.0807037354;
8810.4873046875;-157.1170501709;
8912.5107421875;-157.0769958496;
9015.7099609375;-157.0376129150;
9120.1093750000;-157.0106506348;
9225.7128906250;-156.9953460693;
9332.5439453125;-157.0427246094;
9440.6064453125;-157.1561279297;
9549.9267578125;-157.2153625488;
9660.5068359375;-157.2022094727;
9772.3720703125;-157.1566314697;
9885.5283203125;-157.1762847900;
10000.0000000000;-157.3082733154;
10115.7968750000;-157.3216552734;
10232.9355468750;-157.3329162598;
10351.4189453125;-157.3421630859;
10471.2851562500;-157.3470458984;
10592.5400390625;-157.3504943848;
10715.1982421875;-157.3513183594;
10839.2656250000;-157.3519439697;
10964.7812500000;-157.3523254395;
11091.7500000000;-157.3506011963;
11220.1894531250;-157.3467864990;
11350.1035156250;-157.3376312256;
11481.5351562500;-157.3241577148;
11614.4873046875;-157.3088226318;
11748.9804687500;-157.2951202393;
11885.0166015625;-157.2885131836;
12022.6425781250;-157.2879486084;
12161.8613281250;-157.2985076904;
12302.6923828125;-157.3138122559;
12445.1396484375;-157.3320617676;
12589.2509765625;-157.3525085449;
12735.0312500000;-157.3757171631;
12882.4990234375;-157.3991394043;
13031.6611328125;-157.4209899902;
13182.5634765625;-157.4285583496;
13335.2138671875;-157.4163513184;
13489.6328125000;-157.3903656006;
13645.8388671875;-157.3564910889;
13803.8388671875;-157.3377532959;
13963.6826171875;-157.3524169922;
14125.3789062500;-157.3934783936;
14288.9462890625;-157.4494934082;
14454.3925781250;-157.5013275146;
14621.7705078125;-157.5142517090;
14791.0869140625;-157.4839172363;
14962.3632812500;-157.4293975830;
15135.6064453125;-157.3735504150;
15310.8730468750;-157.3384094238;
15488.1679687500;-157.3358612061;
15667.5166015625;-157.3587646484;
15848.9248046875;-157.3796234131;
16032.4511718750;-157.3788299561;
16218.1025390625;-157.3604888916;
16405.9042968750;-157.3406677246;
16595.8613281250;-157.3371582031;
16788.0371093750;-157.3625488281;
16982.4375000000;-157.4202270508;
17179.0898437500;-157.5008850098;
17378.0000000000;-157.5819091797;
17579.2324218750;-157.6356353760;
17782.7949218750;-157.6525726318;
17988.7148437500;-157.6333465576;
18197.0175781250;-157.5825500488;
18407.7148437500;-157.5267333984;
18620.8710937500;-157.4867858887;
18836.4941406250;-157.4874114990;
19054.6171875000;-157.4795837402;
19275.2421875000;-157.4524536133;
19498.4433593750;-157.4250488281;
19724.2304687500;-157.4205017090;
19952.6328125000;-157.4427947998;
20183.6562500000;-157.4766845703;
20417.3769531250;-157.5038757324;
20653.8046875000;-157.5126342773;
20892.9687500000;-157.4911041260;
21134.8808593750;-157.4604644775;
21379.6171875000;-157.4259185791;
21627.1875000000;-157.4043731689;
21877.6230468750;-157.4302978516;
22130.9355468750;-157.4880981445;
22387.2070312500;-157.5081176758;
22646.4433593750;-157.5055084229;
22908.6835937500;-157.4783477783;
23173.9335937500;-157.4162597656;
23442.2812500000;-157.3395080566;
23713.7363281250;-157.2223968506;
23988.3359375000;-157.1477508545;
24266.1132812500;-157.1146087646;
24547.0820312500;-157.0640411377;
24831.3300781250;-157.0407714844;
25118.8691406250;-157.0726318359;
25409.7402343750;-157.1169891357;
25703.9492187500;-157.1600341797;
26001.5937500000;-157.2121734619;
26302.6835937500;-157.2345123291;
26607.2617187500;-157.1944122314;
26915.3378906250;-157.1251373291;
27227.0097656250;-157.0916290283;
27542.2910156250;-157.0996856689;
27861.2226562500;-157.0968627930;
28183.8164062500;-157.0397949219;
28510.1777343750;-156.9618682861;
28840.3183593750;-156.9127655029;
29174.2812500000;-156.9056396484;
29512.0781250000;-156.9442901611;
29853.8203125000;-156.9901580811;
30199.5175781250;-156.9862518311;
30549.2207031250;-156.9960327148;
30902.9375000000;-157.0050964355;
31260.7851562500;-157.0142669678;
31622.7773437500;-157.0239715576;
31988.9589843750;-157.0309448242;
32359.3828125000;-157.0319061279;
32734.0585937500;-157.0199890137;
33113.1093750000;-156.9943695068;
33496.5507812500;-156.9508666992;
33884.4335937500;-156.8994598389;
34276.7656250000;-156.8489685059;
34673.6835937500;-156.8043365479;
35075.1953125000;-156.7804412842;
35481.3554687500;-156.7704925537;
35892.1796875000;-156.7728424072;
36307.8007812500;-156.7781219482;
36728.2343750000;-156.7774505615;
37153.5390625000;-156.7581176758;
37583.7226562500;-156.7077178955;
38018.9335937500;-156.6367645264;
38459.1796875000;-156.5222473145;
38904.5273437500;-156.4013366699;
39354.9882812500;-156.2774810791;
39810.7070312500;-156.1967163086;
40271.7070312500;-156.1555633545;
40738.0390625000;-156.1495056152;
41209.7304687500;-156.1806640625;
41686.9257812500;-156.2108612061;
42169.6484375000;-156.2385711670;
42657.9648437500;-156.2604064941;
43151.9296875000;-156.2899627686;
43651.5703125000;-156.3230590820;
44157.0429687500;-156.3557128906;
44668.3671875000;-156.3723602295;
45185.6171875000;-156.3687286377;
45708.8046875000;-156.3592071533;
46238.0976562500;-156.3520202637;
46773.5234375000;-156.3574981689;
47315.1484375000;-156.3689422607;
47862.9921875000;-156.3616180420;
48417.2304687500;-156.3254547119;
48977.8867187500;-156.2594451904;
49545.0390625000;-156.1740570068;
50118.7031250000;-156.0874938965;
50699.0625000000;-156.0047607422;
51286.1445312500;-155.9284057617;
51880.0234375000;-155.8703765869;
52480.7187500000;-155.8420104980;
53088.4335937500;-155.8428344727;
53703.1835937500;-155.8543395996;
54325.0507812500;-155.8500061035;
54954.0585937500;-155.8158264160;
55590.4101562500;-155.7602691650;
56234.1328125000;-155.7111511230;
56885.3085937500;-155.6928710938;
57544.0234375000;-155.7116699219;
58210.3046875000;-155.7577819824;
58884.3632812500;-155.8162841797;
59566.2265625000;-155.8770141602;
60255.9882812500;-155.8951416016;
60953.6679687500;-155.8721313477;
61659.4960937500;-155.8218688965;
62373.4960937500;-155.7646484375;
63095.7617187500;-155.7077636719;
63826.3242187500;-155.6465606689;
64565.4140625000;-155.5799560547;
65313.0625000000;-155.5193481445;
66069.3671875000;-155.4782867432;
66834.3593750000;-155.4470367432;
67608.2890625000;-155.4183654785;
68391.1718750000;-155.4031677246;
69183.1250000000;-155.4025573730;
69984.1640625000;-155.4153594971;
70794.5625000000;-155.4304351807;
71614.3437500000;-155.4203491211;
72443.6171875000;-155.3502502441;
73282.4140625000;-155.2724914551;
74131.0078125000;-155.2008819580;
74989.4218750000;-155.1537780762;
75857.7812500000;-155.1593933105;
76736.1875000000;-155.1620178223;
77624.6875000000;-155.1326293945;
78523.5625000000;-155.1062164307;
79432.8437500000;-155.1139831543;
80352.6484375000;-155.1481323242;
81283.0234375000;-155.1662445068;
82224.2578125000;-155.1515350342;
83176.3906250000;-155.0970306396;
84139.5546875000;-155.0501556396;
85113.7734375000;-155.0545959473;
86099.3671875000;-155.0821533203;
87096.3671875000;-155.1468963623;
88104.9218750000;-155.2382202148;
89125.0546875000;-155.2439880371;
90157.1015625000;-155.1419677734;
91201.0937500000;-155.0197753906;
92257.1718750000;-154.9813385010;
93325.3828125000;-155.0251617432;
94406.0703125000;-155.0454101563;
95499.2656250000;-155.0275115967;
96605.1171875000;-155.0439147949;
97723.6718750000;-155.1022644043;
98855.2812500000;-155.1656188965;
100000.0000000000;-155.0325622559;
101157.9687500000;-155.0052795410;
102329.3515625000;-154.9818725586;
103514.1875000000;-154.9621429443;
104712.8515625000;-154.9548645020;
105925.3984375000;-154.9528961182;
107151.9843750000;-154.9683227539;
108392.6562500000;-154.9907684326;
109647.8125000000;-155.0216827393;
110917.5000000000;-155.0566711426;
112201.8984375000;-155.0914001465;
113501.0390625000;-155.1225280762;
114815.3437500000;-155.1497192383;
116144.8750000000;-155.1750030518;
117489.8046875000;-155.2004241943;
118850.1718750000;-155.2282867432;
120226.4218750000;-155.2575683594;
121618.6093750000;-155.2863006592;
123026.9218750000;-155.3097991943;
124451.3984375000;-155.3291168213;
125892.5156250000;-155.3432312012;
127350.3125000000;-155.3579559326;
128824.9921875000;-155.3740386963;
130316.6093750000;-155.3913879395;
131825.6406250000;-155.4048614502;
133352.1406250000;-155.4128112793;
134896.3281250000;-155.4196319580;
136458.3906250000;-155.4293060303;
138038.3906250000;-155.4531555176;
139636.8281250000;-155.4890441895;
141253.7812500000;-155.5272064209;
142889.4687500000;-155.5606384277;
144543.9218750000;-155.5831756592;
146217.7031250000;-155.5977783203;
147910.8593750000;-155.6238250732;
149623.6250000000;-155.6717681885;
151356.0625000000;-155.7439422607;
153108.7187500000;-155.8359222412;
154881.6875000000;-155.9385375977;
156675.1718750000;-156.0436401367;
158489.2500000000;-156.1473236084;
160324.5156250000;-156.2458343506;
162181.0312500000;-156.3330688477;
164059.0312500000;-156.4045867920;
165958.6093750000;-156.4597625732;
167880.3593750000;-156.4994049072;
169824.3750000000;-156.5227508545;
171790.8906250000;-156.5291442871;
173779.9843750000;-156.5233917236;
175792.3125000000;-156.5164947510;
177827.9375000000;-156.5146942139;
179887.1406250000;-156.5250396729;
181970.1875000000;-156.5478210449;
184077.1406250000;-156.5778198242;
186208.7031250000;-156.6182403564;
188364.9531250000;-156.6469573975;
190546.1562500000;-156.6741333008;
192752.4218750000;-156.7281494141;
194984.4375000000;-156.8166809082;
197242.3125000000;-156.9312286377;
199526.3125000000;-157.0528259277;
201836.5625000000;-157.1652984619;
204173.7656250000;-157.2638397217;
206538.0468750000;-157.3909606934;
208929.7031250000;-157.4929656982;
211348.8125000000;-157.5204620361;
213796.1718750000;-157.4957733154;
216271.8750000000;-157.4246368408;
218776.2343750000;-157.3173675537;
221309.3593750000;-157.2960815430;
223872.0625000000;-157.3494720459;
226464.4375000000;-157.4347839355;
229086.8281250000;-157.5847473145;
231739.3437500000;-157.7299652100;
234422.8125000000;-157.8112030029;
237137.3750000000;-157.8930206299;
239883.3593750000;-157.9421386719;
242661.1406250000;-157.9788360596;
245470.8125000000;-158.0541534424;
248313.2968750000;-158.1037750244;
251188.7031250000;-158.0979766846;
254097.3906250000;-158.0889739990;
257039.4843750000;-158.0896606445;
260015.9375000000;-158.0791778564;
263026.8437500000;-158.0744781494;
266072.6250000000;-158.1061401367;
269153.3750000000;-158.1514739990;
272270.0937500000;-158.1747131348;
275422.9062500000;-158.2341308594;
278612.2187500000;-158.3886108398;
281838.1562500000;-158.6001892090;
285101.7812500000;-158.7434539795;
288403.1875000000;-158.7706604004;
291742.8125000000;-158.7908935547;
295120.7812500000;-158.8558654785;
298538.1875000000;-158.9217224121;
301995.1875000000;-158.9280700684;
305492.2187500000;-158.9832611084;
309029.3750000000;-159.0407257080;
312607.8437500000;-159.1006469727;
316227.7812500000;-159.1647644043;
319889.5937500000;-159.2317657471;
323593.8125000000;-159.3000335693;
327340.5937500000;-159.3658142090;
331131.0937500000;-159.4281921387;
334965.5000000000;-159.4855804443;
338844.3125000000;-159.5349731445;
342767.6562500000;-159.5807800293;
346736.8125000000;-159.6212310791;
350751.9375000000;-159.6598510742;
354813.5312500000;-159.6979217529;
358921.7812500000;-159.7368621826;
363078.0000000000;-159.7775115967;
367282.3437500000;-159.8195190430;
371535.3750000000;-159.8634643555;
375837.2500000000;-159.9108734131;
380189.3437500000;-159.9608917236;
384591.8125000000;-160.0133514404;
389045.2812500000;-160.0515136719;
393549.8750000000;-160.0335998535;
398107.0937500000;-159.9212341309;
402717.0625000000;-159.6605377197;
407380.4062500000;-159.1400604248;
412097.3125000000;-158.5399627686;
416869.2812500000;-157.9660491943;
421696.5000000000;-157.5346374512;
426579.6250000000;-157.4266510010;
431519.3125000000;-157.6865386963;
436515.6875000000;-158.2160186768;
441570.4375000000;-158.9118499756;
446683.6875000000;-159.6318969727;
451856.1562500000;-160.2143707275;
457088.0312500000;-160.5410308838;
462380.9687500000;-160.7113189697;
467735.2187500000;-160.8066711426;
473151.4687500000;-160.8641967773;
478629.9062500000;-160.8957977295;
484172.3125000000;-160.9022216797;
489778.8750000000;-160.8887023926;
495450.3750000000;-160.8731536865;
501187.0000000000;-160.8827667236;
506990.6250000000;-160.9396667480;
512861.4375000000;-161.0453643799;
518800.2187500000;-161.1802062988;
524807.1875000000;-161.3202819824;
530884.3125000000;-161.4562072754;
537031.8125000000;-161.5787963867;
543250.5000000000;-161.6874389648;
549540.5625000000;-161.7777252197;
555904.1250000000;-161.8479309082;
562341.3125000000;-161.9013519287;
568853.0625000000;-161.9455566406;
575440.2500000000;-161.9887390137;
582103.0625000000;-162.0347137451;
588843.6250000000;-162.1088714600;
595662.2500000000;-162.1927490234;
602559.8750000000;-162.2562561035;
609536.6875000000;-162.3173217773;
616594.9375000000;-162.3672332764;
623734.9375000000;-162.4047088623;
630957.6250000000;-162.4341278076;
638263.2500000000;-162.4666748047;
645654.1250000000;-162.4792785645;
653130.6250000000;-162.4712524414;
660693.6875000000;-162.4614410400;
668343.6250000000;-162.4885406494;
676082.8750000000;-162.5835723877;
683911.6875000000;-162.6781158447;
691831.1875000000;-162.8066253662;
699841.6875000000;-162.8908691406;
707945.6250000000;-162.9035644531;
716143.4375000000;-162.8435668945;
724436.1875000000;-162.7469329834;
732824.1250000000;-162.7094879150;
741310.0625000000;-162.7446441650;
749894.1875000000;-162.8559722900;
758577.7500000000;-162.9956512451;
767361.8750000000;-163.0884552002;
776246.8750000000;-163.0944061279;
785235.6250000000;-163.0652160645;
794328.4375000000;-163.0523681641;
803526.5000000000;-163.0676422119;
812830.2500000000;-163.0941009521;
822242.5625000000;-163.1106719971;
831763.9375000000;-163.0992279053;
841395.5000000000;-163.0983276367;
851137.6875000000;-163.1260070801;
860993.6250000000;-163.1942749023;
870963.6875000000;-163.3157653809;
881049.2500000000;-163.4315490723;
891250.5625000000;-163.4207305908;
901571.0000000000;-163.3556060791;
912010.9375000000;-163.2806396484;
922571.7500000000;-163.2594451904;
933253.8750000000;-163.3143005371;
944060.6875000000;-163.4044952393;
954992.6250000000;-163.4673004150;
966051.1875000000;-163.4537353516;
977236.6875000000;-163.4510803223;
988552.8125000000;-163.4532012939;
1000000.0000000000;-163.3963775635;
