Window;1;Noise Spectrum;
Trace;1;
1.0000000000;-115.6708297729;
1.0115795135;-115.8300857544;
1.0232930183;-116.1282424927;
1.0351421833;-116.5576095581;
1.0471285582;-116.9869766235;
1.0592536926;-117.4163360596;
1.0715192556;-117.8457031250;
1.0839269161;-118.3343048096;
1.0964782238;-119.0020828247;
1.1091748476;-119.6698684692;
1.1220184565;-120.3376464844;
1.1350108385;-121.0054244995;
1.1481536627;-121.5539703369;
1.1614485979;-121.8015289307;
1.1748975515;-122.0490875244;
1.1885021925;-122.2966461182;
1.2022644281;-122.5442047119;
1.2161860466;-122.2528152466;
1.2302688360;-121.5830535889;
1.2445145845;-120.9132995605;
1.2589254379;-120.2435302734;
1.2735030651;-119.5930252075;
1.2882494926;-119.0688552856;
1.3031667471;-118.5446777344;
1.3182567358;-118.0205078125;
1.3335214853;-117.4963378906;
1.3489629030;-117.3713073730;
1.3645831347;-117.2934112549;
1.3803843260;-117.2155151367;
1.3963683844;-117.1376190186;
1.4125375748;-117.4550018311;
1.4288939238;-117.8401184082;
1.4454398155;-118.2252426147;
1.4621771574;-118.6103591919;
1.4791084528;-119.4523925781;
1.4962356091;-120.2977828979;
1.5135612488;-121.1431884766;
1.5310875177;-121.9282073975;
1.5488165617;-122.5695800781;
1.5667510033;-123.2109603882;
1.5848932266;-123.8523483276;
1.6032453775;-123.6478652954;
1.6218100786;-123.1617813110;
1.6405898333;-122.6756973267;
1.6595869064;-122.1466293335;
1.6788040400;-121.5354156494;
1.6982436180;-120.9242095947;
1.7179083824;-120.3370208740;
1.7378008366;-120.0927047729;
1.7579236031;-119.8483886719;
1.7782794237;-119.6040725708;
1.7988709211;-119.6481552124;
1.8197008371;-119.7219467163;
1.8407719135;-119.7957305908;
1.8620871305;-120.0988311768;
1.8836491108;-120.4396820068;
1.9054607153;-120.7805404663;
1.9275249243;-121.3833847046;
1.9498445988;-122.0108871460;
1.9724227190;-122.6598434448;
1.9952623844;-123.6127929688;
2.0183663368;-124.5657348633;
2.0417380333;-125.6045379639;
2.0653800964;-126.8359909058;
2.0892961025;-128.0674591064;
2.1134889126;-128.5323333740;
2.1379621029;-128.5574493408;
2.1627185345;-128.5156707764;
2.1877615452;-126.9651336670;
2.2130947113;-125.4145965576;
2.2387211323;-123.9898223877;
2.2646441460;-122.6790313721;
2.2908678055;-121.4015808105;
2.3173947334;-120.5198516846;
2.3442287445;-119.6381225586;
2.3713736534;-119.0934295654;
2.3988327980;-118.6946411133;
2.4266099930;-118.4868698120;
2.4547088146;-118.5887832642;
2.4831330776;-118.7531280518;
2.5118863583;-119.3532409668;
2.5409727097;-119.9533538818;
2.5703957081;-121.0279312134;
2.6001594067;-122.1402969360;
2.6302678585;-123.9107208252;
2.6607251167;-125.8651733398;
2.6915347576;-128.7907104492;
2.7227013111;-132.1558990479;
2.7542285919;-131.3715820313;
2.7861211300;-128.2988739014;
2.8183827400;-127.0739364624;
2.8510184288;-126.8540725708;
2.8840315342;-127.4780349731;
2.9174270630;-128.4710388184;
2.9512093067;-129.9172668457;
2.9853825569;-131.4864196777;
3.0199515820;-130.6669311523;
3.0549211502;-129.5868682861;
3.0902955532;-128.0103759766;
3.1260793209;-126.6722030640;
3.1622776985;-125.8926620483;
3.1988949776;-125.1183776855;
3.2359364033;-124.3485031128;
3.2734067440;-122.7987136841;
3.3113110065;-121.1323776245;
3.3496541977;-119.7783432007;
3.3884413242;-118.7822799683;
3.4276781082;-118.1693115234;
3.4673686028;-118.1916198730;
3.5075187683;-118.5136184692;
3.5481340885;-119.3768386841;
3.5892193317;-120.7260742188;
3.6307804585;-122.3438949585;
3.6728229523;-124.2738723755;
3.7153522968;-125.7903900146;
3.7583739758;-126.8625793457;
3.8018937111;-126.8228607178;
3.8459177017;-126.2191848755;
3.8904511929;-125.3254623413;
3.9355010986;-124.2782135010;
3.9810719490;-123.5515594482;
4.0271706581;-123.1645126343;
4.0738029480;-123.1496810913;
4.1209754944;-123.5592041016;
4.1686940193;-123.9517440796;
4.2169651985;-124.1455459595;
4.2657952309;-124.0866317749;
4.3151907921;-124.0561904907;
4.3651580811;-124.0071258545;
4.4157042503;-123.9462356567;
4.4668354988;-123.9305419922;
4.5185589790;-124.0247344971;
4.5708823204;-124.1187973022;
4.6238102913;-124.1649856567;
4.6773514748;-124.0064544678;
4.7315125465;-123.8056488037;
4.7863011360;-123.6950149536;
4.8417239189;-123.6596221924;
4.8977880478;-123.6434173584;
4.9545016289;-123.7434234619;
5.0118722916;-123.8434219360;
5.0699067116;-123.8527145386;
5.1286134720;-123.8298873901;
5.1880002022;-123.8842620850;
5.2480750084;-123.9842605591;
5.3088445663;-124.0842590332;
5.3703184128;-126.0031127930;
5.4325037003;-131.2289886475;
5.4954090118;-133.4996032715;
5.5590424538;-131.4657440186;
5.6234130859;-129.9492034912;
5.6885290146;-128.9862670898;
5.7543992996;-128.6203765869;
5.8210320473;-129.0896148682;
5.8884363174;-127.2173690796;
5.9566211700;-123.9325790405;
6.0255956650;-121.6154327393;
6.0953693390;-120.4866790771;
6.1659502983;-120.4197845459;
6.2373485565;-121.2384872437;
6.3095736504;-122.6809387207;
6.3826351166;-124.2581787109;
6.4565424919;-125.2956008911;
6.5313053131;-125.3034973145;
6.6069345474;-125.4017868042;
6.6834387779;-125.7844314575;
6.7608294487;-126.4228897095;
6.8391160965;-126.3130111694;
6.9183092117;-124.9061203003;
6.9984202385;-124.0773391724;
7.0794582367;-123.7515869141;
7.1614346504;-124.3265533447;
7.2443599701;-125.5215606689;
7.3282456398;-125.7812881470;
7.4131026268;-124.7760467529;
7.4989418983;-124.2111053467;
7.5857758522;-126.4093933105;
7.6736145020;-135.3647460938;
7.7624707222;-137.3522644043;
7.8523559570;-126.2993698120;
7.9432821274;-122.5197219849;
8.0352611542;-121.2980499268;
8.1283054352;-121.1955413818;
8.2224273682;-122.1721954346;
8.3176383972;-123.2573547363;
8.4139518738;-122.4871139526;
8.5113801956;-122.1121673584;
8.6099376678;-122.5073547363;
8.7096357346;-122.4504547119;
8.8104887009;-122.7311325073;
8.9125089645;-124.3799209595;
9.0157108307;-127.2030334473;
9.1201076508;-128.0798339844;
9.2257137299;-125.9025802612;
9.3325433731;-123.9655456543;
9.4406089783;-123.4051437378;
9.5499258041;-124.7557296753;
9.6605091095;-126.0291519165;
9.7723722458;-127.0596847534;
9.8855314255;-127.4286499023;
10.0000000000;-122.7878646851;
10.1157941818;-122.6546249390;
10.2329292297;-122.9307861328;
10.3514213562;-123.6805419922;
10.4712848663;-125.0455017090;
10.5925369263;-127.3597488403;
10.7151927948;-129.9631805420;
10.8392686844;-129.8697204590;
10.9647808075;-127.2200622559;
11.0917472839;-125.9913024902;
11.2201833725;-125.1605987549;
11.3501071930;-124.7900238037;
11.4815349579;-124.7479019165;
11.6144876480;-124.9603500366;
11.7489767075;-125.3688583374;
11.8850231171;-126.2097625732;
12.0226459503;-127.1301040649;
12.1618614197;-127.6253128052;
12.3026885986;-127.9152832031;
12.4451465607;-127.9609222412;
12.5892543793;-127.8343582153;
12.7350311279;-127.6742858887;
12.8824958801;-127.6004486084;
13.0316677094;-127.8023681641;
13.1825675964;-128.3438720703;
13.3352146149;-128.8963165283;
13.4896287918;-129.5322723389;
13.6458311081;-130.1165008545;
13.8038425446;-130.3340911865;
13.9636831284;-129.8589324951;
14.1253747940;-129.4609832764;
14.2889385223;-129.1732940674;
14.4543962479;-129.2470245361;
14.6217708588;-129.5118560791;
14.7910823822;-129.9003753662;
14.9623546600;-130.5731506348;
15.1356105804;-131.0979614258;
15.3108730316;-131.0329284668;
15.4881677628;-130.5010986328;
15.6675128937;-130.0144653320;
15.8489332199;-129.4002075195;
16.0324554443;-129.0447845459;
16.2181015015;-129.0691986084;
16.4058990479;-129.4054718018;
16.5958709717;-130.0834045410;
16.7880401611;-130.9799499512;
16.9824371338;-131.8649597168;
17.1790847778;-132.4281005859;
17.3780078888;-132.2615051270;
17.5792369843;-131.4906463623;
17.7827949524;-130.9166412354;
17.9887084961;-130.4922637939;
18.1970081329;-130.1613769531;
18.4077186584;-129.8834533691;
18.6208705902;-129.5072784424;
18.8364906311;-129.1430664063;
19.0546054840;-128.6705322266;
19.2752475739;-128.1440429688;
19.4984436035;-128.0915679932;
19.7242259979;-128.6569824219;
19.9526214600;-129.3434448242;
20.1836605072;-130.0102996826;
20.4173774719;-130.7092590332;
20.6538047791;-130.9098510742;
20.8929634094;-130.4215240479;
21.1348934174;-129.7504119873;
21.3796234131;-129.3151397705;
21.6271877289;-129.3168334961;
21.8776187897;-129.9056701660;
22.1309490204;-131.0935363770;
22.3872127533;-132.6968231201;
22.6464443207;-134.1760406494;
22.9086780548;-134.6604919434;
23.1739463806;-134.2602691650;
23.4422893524;-133.8182067871;
23.7137374878;-133.6533660889;
23.9883289337;-133.5158538818;
24.2660999298;-132.8442382813;
24.5470886230;-131.6499938965;
24.8313293457;-130.8665161133;
25.1188621521;-130.6005096436;
25.4097251892;-130.5751647949;
25.7039566040;-130.5580902100;
26.0015926361;-130.4288177490;
26.3026771545;-130.6949462891;
26.6072483063;-131.6201477051;
26.9153442383;-132.9330139160;
27.2270088196;-134.7309722900;
27.5422897339;-134.6005096436;
27.8612155914;-132.6268768311;
28.1838321686;-131.6481475830;
28.5101852417;-131.7019195557;
28.8403167725;-131.5288238525;
29.1742725372;-130.7984008789;
29.5120944977;-130.0945587158;
29.8538284302;-129.7557373047;
30.1995182037;-130.7737731934;
30.5492115021;-130.7380828857;
30.9029541016;-130.7746582031;
31.2607936859;-130.8623352051;
31.6227760315;-130.9969024658;
31.9889507294;-131.1937255859;
32.3593635559;-131.4618682861;
32.7340698242;-131.7748107910;
33.1131095886;-132.1250305176;
33.4965438843;-132.4927368164;
33.8844146729;-132.8181152344;
34.2767753601;-133.0701293945;
34.6736831665;-133.2244567871;
35.0751838684;-133.2518463135;
35.4813346863;-133.1471557617;
35.8921890259;-132.9838409424;
36.3078002930;-132.7944335938;
36.7282333374;-132.6096191406;
37.1535263062;-132.4553222656;
37.5837440491;-132.3638305664;
38.0189437866;-132.3482360840;
38.4591827393;-132.3927459717;
38.9045181274;-132.4473876953;
39.3550109863;-132.4402008057;
39.8107185364;-132.3246612549;
40.2717056274;-132.1365051270;
40.7380294800;-132.0016784668;
41.2097511292;-132.0547485352;
41.6869392395;-132.3802490234;
42.1696510315;-132.9460601807;
42.6579513550;-133.6216125488;
43.1519050598;-134.1977844238;
43.6515808105;-134.4667205811;
44.1570434570;-134.3557891846;
44.6683578491;-133.8805389404;
45.1855926514;-133.3657989502;
45.7088165283;-132.9257812500;
46.2380981445;-132.6369934082;
46.7735099792;-132.5052490234;
47.3151206970;-132.4930877686;
47.8630027771;-132.5534210205;
48.4172286987;-132.6421508789;
48.9778900146;-132.7129364014;
49.5450248718;-132.7203369141;
50.1187286377;-132.5462493896;
50.6990776062;-132.2250366211;
51.2861442566;-132.0011291504;
51.8800086975;-131.8666687012;
52.4807510376;-131.8898315430;
53.0884475708;-132.1141510010;
53.7031822205;-132.8652954102;
54.3250350952;-133.9275817871;
54.9540901184;-134.4496154785;
55.5904273987;-134.2329254150;
56.2341308594;-129.7126464844;
56.8852920532;-122.3765869141;
57.5439910889;-116.8696975708;
58.2103195190;-109.5855407715;
58.8843612671;-104.7034072876;
59.5662117004;-102.0558166504;
60.2559547424;-99.1790542603;
60.9536857605;-97.3638229370;
61.6594963074;-96.5037994385;
62.3734779358;-95.3186035156;
63.0957260132;-94.1044311523;
63.8263397217;-92.9933547974;
64.5654144287;-92.3194503784;
65.3130645752;-92.4243774414;
66.0693511963;-93.2975463867;
66.8343963623;-95.1163787842;
67.6083068848;-97.8876266479;
68.3911743164;-101.4198074341;
69.1831054688;-106.3426513672;
69.9842071533;-111.9192504883;
70.7945785522;-119.8845825195;
71.6143417358;-126.9960632324;
72.4435958862;-133.1166229248;
73.2824554443;-134.3921813965;
74.1310272217;-134.5071563721;
74.9894180298;-134.1364288330;
75.8577575684;-134.1381835938;
76.7361450195;-134.5699615479;
77.6247100830;-135.1562194824;
78.5235595703;-135.8112335205;
79.4328155518;-136.2673187256;
80.3526077271;-136.4279174805;
81.2830429077;-136.3355560303;
82.2242584229;-135.9522857666;
83.1763687134;-135.4648590088;
84.1395034790;-135.1851806641;
85.1137924194;-135.3376312256;
86.0993652344;-135.8927459717;
87.0963668823;-136.3692169189;
88.1048965454;-136.1889648438;
89.1251068115;-135.7078399658;
90.1571197510;-135.6912384033;
91.2010955811;-136.1501770020;
92.2571487427;-136.3365478516;
93.3254394531;-136.0981445313;
94.4060897827;-135.8708343506;
95.4992599487;-135.7001800537;
96.6050872803;-135.4368438721;
97.7237243652;-135.4458770752;
98.8553085327;-136.0774688721;
100.0000000000;-136.2888488770;
101.1579742432;-136.3703765869;
102.3292999268;-136.4380798340;
103.5142440796;-136.4927215576;
104.7128524780;-136.5323181152;
105.9253921509;-136.5663452148;
107.1519241333;-136.5864105225;
108.3927154541;-136.5939331055;
109.6478118896;-136.5863189697;
110.9175033569;-136.5220794678;
112.2018356323;-136.4117279053;
113.5010986328;-136.1896667480;
114.8153457642;-135.8393554688;
116.1448745728;-135.4117584229;
117.4897384644;-134.8912811279;
118.8502349854;-134.4056396484;
120.2264251709;-133.9641571045;
121.6186141968;-133.6664733887;
123.0268554688;-133.4884033203;
124.4514694214;-133.3982086182;
125.8925170898;-133.4051971436;
127.3503112793;-133.4966735840;
128.8249206543;-133.6665039063;
130.3166809082;-133.9284210205;
131.8256378174;-134.3753051758;
133.3521423340;-134.9717254639;
134.8963165283;-135.6620025635;
136.4583129883;-136.3941040039;
138.0384674072;-136.9878997803;
139.6368255615;-137.2716369629;
141.2537841797;-137.2925415039;
142.8893890381;-137.1249389648;
144.5440063477;-136.8974609375;
146.2176971436;-136.7810668945;
147.9108581543;-136.8119354248;
149.6235504150;-136.9435577393;
151.3561553955;-137.1186981201;
153.1087188721;-137.2790985107;
154.8816833496;-137.3908386230;
156.6750793457;-137.4734191895;
158.4893341064;-137.6147613525;
160.3245086670;-137.8652801514;
162.1810302734;-138.1897888184;
164.0589447021;-138.4820861816;
165.9586944580;-138.6253509521;
167.8803710938;-138.5402832031;
169.8243713379;-138.0620422363;
171.7908020020;-136.7650604248;
173.7800903320;-134.3576354980;
175.7923126221;-131.2973632813;
177.8279418945;-129.4447326660;
179.8871459961;-126.8742904663;
181.9700775146;-124.9549331665;
184.0772399902;-123.5469818115;
186.2087097168;-121.8438262939;
188.3649444580;-120.3191604614;
190.5460662842;-119.4772796631;
192.7525329590;-118.9878616333;
194.9844360352;-118.9756622314;
197.2423095703;-119.5146408081;
199.5262145996;-120.6417083740;
201.8366699219;-122.3582916260;
204.1737670898;-124.5791320801;
206.5380401611;-127.4583969116;
208.9295806885;-127.7437057495;
211.3489227295;-126.9696350098;
213.7961730957;-126.8119888306;
216.2718658447;-127.5801696777;
218.7761230469;-130.4470977783;
221.3094787598;-135.1453094482;
223.8720703125;-137.9263916016;
226.4644470215;-139.3770141602;
229.0867156982;-139.9065093994;
231.7394714355;-139.7566223145;
234.4228210449;-139.1082916260;
237.1373748779;-137.8279571533;
239.8833618164;-137.1962738037;
242.6610107422;-137.4441375732;
245.4709472656;-138.4436492920;
248.3132934570;-139.3857727051;
251.1887054443;-139.7433166504;
254.0972595215;-139.9505157471;
257.0396423340;-140.1843261719;
260.0159301758;-140.3481903076;
263.0268554688;-140.3541564941;
266.0724792480;-140.3478546143;
269.1535339355;-140.4027404785;
272.2700805664;-140.4370117188;
275.4229125977;-140.4499206543;
278.6120605469;-140.5363464355;
281.8383178711;-140.6800384521;
285.1017761230;-140.7285919189;
288.4031677246;-140.6279296875;
291.7426452637;-140.2034454346;
295.1209411621;-138.9447784424;
298.5382080078;-136.0600585938;
301.9951782227;-132.4585266113;
305.4920349121;-131.5586090088;
309.0295410156;-130.8819122314;
312.6078491211;-130.2618713379;
316.2277526855;-129.8982543945;
319.8895874023;-129.6571655273;
323.5936584473;-129.6850585938;
327.3407592773;-129.9371643066;
331.1311035156;-130.4280395508;
334.9655151367;-131.2668304443;
338.8441467285;-132.2594909668;
342.7678527832;-133.6785125732;
346.7368164063;-135.1648406982;
350.7519226074;-136.7923126221;
354.8133544922;-138.2007293701;
358.9219970703;-139.4164428711;
363.0780029297;-139.9819030762;
367.2823486328;-140.3533477783;
371.5351867676;-140.4215240479;
375.8374328613;-140.4291076660;
380.1893310547;-140.4065856934;
384.5918273926;-140.3946533203;
389.0450744629;-140.4140014648;
393.5501098633;-140.4614715576;
398.1070861816;-140.5760498047;
402.7170410156;-140.7010803223;
407.3801879883;-140.8211669922;
412.0975341797;-140.8265533447;
416.8692626953;-140.4521789551;
421.6965026855;-139.5152587891;
426.5796203613;-137.4851837158;
431.5190734863;-134.5388793945;
436.5159301758;-131.5875549316;
441.5704345703;-128.9028625488;
446.6836853027;-126.9315795898;
451.8559265137;-125.7533493042;
457.0882873535;-125.2601852417;
462.3809814453;-125.4847183228;
467.7352294922;-126.5002899170;
473.1512145996;-128.5468444824;
478.6301574707;-131.3999023438;
484.1723022461;-134.9243927002;
489.7788696289;-138.6505432129;
495.4501037598;-141.7060241699;
501.1872863770;-142.7671813965;
506.9906311035;-142.9629974365;
512.8614501953;-142.9736328125;
518.7999267578;-142.9710083008;
524.8074951172;-142.9834899902;
530.8843383789;-142.9944763184;
537.0317993164;-142.9875793457;
543.2501831055;-142.9588317871;
549.5408935547;-142.9013214111;
555.9041137695;-142.7663726807;
562.3413085938;-142.5057220459;
568.8530883789;-142.2029266357;
575.4399414063;-142.0450439453;
582.1033325195;-142.1734466553;
588.8436279297;-142.5683593750;
595.6622924805;-143.1343231201;
602.5595703125;-143.4057464600;
609.5369873047;-143.0117492676;
616.5949707031;-141.4836120605;
623.7349243164;-139.3252868652;
630.9572753906;-137.5501556396;
638.2636108398;-136.7057342529;
645.6541137695;-136.9508972168;
653.1306152344;-138.2488403320;
660.6933593750;-140.3216400146;
668.3439941406;-142.9597167969;
676.0828857422;-143.8126678467;
683.9116821289;-143.7843322754;
691.8308105469;-143.8246307373;
699.8420410156;-143.9530334473;
707.9456176758;-144.0588226318;
716.1434326172;-143.9702453613;
724.4357910156;-143.7890625000;
732.8245239258;-143.7900085449;
741.3100585938;-143.9160919189;
749.8942260742;-144.1355743408;
758.5777587891;-144.1343536377;
767.3614501953;-143.9732513428;
776.2473144531;-143.7798156738;
785.2355957031;-143.8292083740;
794.3284301758;-144.0043182373;
803.5260620117;-144.2515106201;
812.8306884766;-144.4161529541;
822.2425537109;-144.4546966553;
831.7639160156;-144.2518920898;
841.3950195313;-143.8842926025;
851.1381835938;-143.8008270264;
860.9936523438;-144.1118927002;
870.9636840820;-144.5139617920;
881.0487670898;-144.0298767090;
891.2510375977;-139.7628021240;
901.5709838867;-135.3400878906;
912.0109252930;-132.9205780029;
922.5712280273;-132.9949188232;
933.2543334961;-135.8639221191;
944.0606689453;-142.1320037842;
954.9926147461;-144.8539733887;
966.0506591797;-145.2154846191;
977.2372436523;-145.3779907227;
988.5528564453;-145.4016418457;
1000.0000000000;-142.3681945801;
1011.5797119141;-142.4532165527;
1023.2929687500;-142.3191680908;
1035.1424560547;-141.9781951904;
1047.1285400391;-141.7248229980;
1059.2539062500;-141.5311431885;
1071.5192871094;-141.6444549561;
1083.9271240234;-141.9195556641;
1096.4781494141;-142.3899230957;
1109.1750488281;-143.0456695557;
1122.0183105469;-143.7340545654;
1135.0109863281;-144.4048461914;
1148.1534423828;-144.9140625000;
1161.4487304688;-145.3053741455;
1174.8973388672;-145.4458007813;
1188.5023193359;-145.4259033203;
1202.2642822266;-145.2727050781;
1216.1861572266;-144.8935546875;
1230.2685546875;-144.1564025879;
1244.5146484375;-142.9351196289;
1258.9251708984;-140.7316284180;
1273.5031738281;-137.6605834961;
1288.2492675781;-134.4750976563;
1303.1667480469;-131.4194488525;
1318.2563476563;-128.9994506836;
1333.5214843750;-127.1594467163;
1348.9632568359;-125.8640594482;
1364.5831298828;-125.1337509155;
1380.3846435547;-125.1439361572;
1396.3682861328;-125.8073120117;
1412.5378417969;-127.0173568726;
1428.8939208984;-128.6566772461;
1445.4400634766;-130.5000762939;
1462.1770019531;-131.8352355957;
1479.1086425781;-132.4717102051;
1496.2354736328;-132.9755554199;
1513.5615234375;-133.7756805420;
1531.0872802734;-135.1698760986;
1548.8167724609;-137.2658996582;
1566.7508544922;-140.0172576904;
1584.8933105469;-142.9506225586;
1603.2451171875;-144.5811767578;
1621.8101806641;-144.1072082520;
1640.5894775391;-142.3821868896;
1659.5870361328;-140.4812011719;
1678.8035888672;-139.0543823242;
1698.2437744141;-138.3432006836;
1717.9079589844;-138.3063812256;
1737.8009033203;-138.4723205566;
1757.9230957031;-137.9570617676;
1778.2794189453;-137.2016143799;
1798.8713378906;-135.2946014404;
1819.7008056641;-133.8597869873;
1840.7724609375;-133.3313446045;
1862.0870361328;-134.4813690186;
1883.6495361328;-137.6882171631;
1905.4605712891;-140.7299499512;
1927.5252685547;-143.5902709961;
1949.8444824219;-145.2268218994;
1972.4230957031;-145.7392272949;
1995.2620849609;-145.9092559814;
2018.3666992188;-146.1361236572;
2041.7376708984;-146.4761199951;
2065.3803710938;-146.8658599854;
2089.2958984375;-146.8686828613;
2113.4892578125;-146.7501525879;
2137.9616699219;-146.7254791260;
2162.7187500000;-146.7207641602;
2187.7612304688;-144.7247314453;
2213.0949707031;-140.3398132324;
2238.7207031250;-137.2984619141;
2264.6442871094;-135.1481628418;
2290.8671875000;-133.9561462402;
2317.3947753906;-134.8025054932;
2344.2282714844;-136.6864624023;
2371.3737792969;-140.7775421143;
2398.8334960938;-145.5795288086;
2426.6101074219;-147.1352844238;
2454.7094726563;-147.6649017334;
2483.1330566406;-147.7122955322;
2511.8869628906;-147.7161102295;
2540.9726562500;-147.7303771973;
2570.3962402344;-147.7799377441;
2600.1594238281;-147.7479705811;
2630.2685546875;-145.4043731689;
2660.7248535156;-140.2614288330;
2691.5351562500;-134.9341430664;
2722.7009277344;-132.0378265381;
2754.2290039063;-131.5676116943;
2786.1208496094;-133.2195129395;
2818.3833007813;-137.1471710205;
2851.0178222656;-143.3647918701;
2884.0317382813;-147.3079376221;
2917.4265136719;-148.1779327393;
2951.2094726563;-148.0109100342;
2985.3820800781;-147.8570861816;
3019.9519042969;-144.4779815674;
3054.9204101563;-145.6891326904;
3090.2954101563;-146.0522155762;
3126.0786132813;-146.3446960449;
3162.2775878906;-146.3175506592;
3198.8959960938;-146.3300018311;
3235.9365234375;-146.4294128418;
3273.4077148438;-146.6163482666;
3311.3110351563;-146.8964538574;
3349.6550292969;-147.2091979980;
3388.4414062500;-147.5363616943;
3427.6784667969;-147.7847442627;
3467.3681640625;-148.0066375732;
3507.5192871094;-148.1523437500;
3548.1335449219;-148.2791595459;
3589.2199707031;-148.3893585205;
3630.7800292969;-148.5025939941;
3672.8234863281;-148.6138763428;
3715.3518066406;-148.7180786133;
3758.3745117188;-148.7901153564;
3801.8933105469;-148.8384552002;
3845.9182128906;-148.8186492920;
3890.4506835938;-148.7607116699;
3935.5009765625;-148.6710510254;
3981.0708007813;-148.5520324707;
4027.1704101563;-148.4482879639;
4073.8017578125;-148.3648223877;
4120.9750976563;-148.3551330566;
4168.6928710938;-148.4116516113;
4216.9648437500;-148.5170745850;
4265.7963867188;-148.6688690186;
4315.1904296875;-148.8168487549;
4365.1591796875;-148.9377899170;
4415.7041015625;-149.0230865479;
4466.8369140625;-149.0584106445;
4518.5590820313;-149.0678405762;
4570.8828125000;-149.0728607178;
4623.8095703125;-149.0839385986;
4677.3520507813;-149.1115875244;
4731.5122070313;-149.1598663330;
4786.3017578125;-149.2144165039;
4841.7231445313;-149.2650451660;
4897.7890625000;-149.3010864258;
4954.5009765625;-149.3129730225;
5011.8730468750;-149.2953643799;
5069.9062500000;-149.2640991211;
5128.6142578125;-149.2346343994;
5187.9995117188;-149.2150878906;
5248.0747070313;-149.2084197998;
5308.8432617188;-149.2144775391;
5370.3183593750;-149.2335815430;
5432.5019531250;-149.2678222656;
5495.4086914063;-149.3178863525;
5559.0410156250;-149.3805236816;
5623.4130859375;-149.4396209717;
5688.5307617188;-149.4373474121;
5754.3994140625;-149.2564697266;
5821.0336914063;-148.8160400391;
5888.4365234375;-148.2350158691;
5956.6225585938;-147.7375183105;
6025.5957031250;-147.7729339600;
6095.3701171875;-148.2299652100;
6165.9497070313;-148.8773803711;
6237.3496093750;-149.3970031738;
6309.5727539063;-149.6298370361;
6382.6357421875;-149.6555480957;
6456.5415039063;-149.6316223145;
6531.3061523438;-149.6655120850;
6606.9335937500;-149.7866821289;
6683.4399414063;-150.0350341797;
6760.8286132813;-150.2145233154;
6839.1171875000;-150.2559051514;
6918.3081054688;-150.2469940186;
6998.4204101563;-150.1893157959;
7079.4560546875;-150.0911407471;
7161.4345703125;-149.9521331787;
7244.3579101563;-149.8942565918;
7328.2456054688;-149.8932189941;
7413.1005859375;-149.8974151611;
7498.9418945313;-149.9498138428;
7585.7778320313;-150.0696411133;
7673.6147460938;-150.1588592529;
7762.4731445313;-150.2521209717;
7852.3559570313;-150.3196563721;
7943.2841796875;-150.3415222168;
8035.2607421875;-150.2986297607;
8128.3066406250;-150.2159423828;
8222.4257812500;-150.1741790771;
8317.6396484375;-150.1605682373;
8413.9501953125;-150.1924743652;
8511.3818359375;-150.2286834717;
8609.9365234375;-150.2693328857;
8709.6367187500;-150.3361358643;
8810.4873046875;-150.3612670898;
8912.5107421875;-150.3099212646;
9015.7099609375;-150.2561492920;
9120.1093750000;-150.2718963623;
9225.7128906250;-150.3248138428;
9332.5439453125;-150.3078613281;
9440.6064453125;-150.1796569824;
9549.9267578125;-150.0540924072;
9660.5068359375;-149.9450378418;
9772.3720703125;-149.9152679443;
9885.5283203125;-150.0000305176;
10000.0000000000;-150.3590545654;
10115.7968750000;-150.3646087646;
10232.9355468750;-150.3654632568;
10351.4189453125;-150.3618621826;
10471.2851562500;-150.3501434326;
10592.5400390625;-150.3363494873;
10715.1982421875;-150.3227996826;
10839.2656250000;-150.3148651123;
10964.7812500000;-150.3137359619;
11091.7500000000;-150.3276977539;
11220.1894531250;-150.3485717773;
11350.1035156250;-150.3818359375;
11481.5351562500;-150.4217224121;
11614.4873046875;-150.4651794434;
11748.9804687500;-150.5107116699;
11885.0166015625;-150.5523529053;
12022.6425781250;-150.5895233154;
12161.8613281250;-150.6133880615;
12302.6923828125;-150.6245727539;
12445.1396484375;-150.6274108887;
12589.2509765625;-150.6229705811;
12735.0312500000;-150.6248931885;
12882.4990234375;-150.6374206543;
13031.6611328125;-150.6633605957;
13182.5634765625;-150.7104339600;
13335.2138671875;-150.7678527832;
13489.6328125000;-150.8296813965;
13645.8388671875;-150.8912200928;
13803.8388671875;-150.9425659180;
13963.6826171875;-150.9778289795;
14125.3789062500;-150.9971923828;
14288.9462890625;-151.0006408691;
14454.3925781250;-150.9892578125;
14621.7705078125;-150.9613342285;
14791.0869140625;-150.9149322510;
14962.3632812500;-150.8487091064;
15135.6064453125;-150.7680206299;
15310.8730468750;-150.6871643066;
15488.1679687500;-150.6278686523;
15667.5166015625;-150.6101684570;
15848.9248046875;-150.6378326416;
16032.4511718750;-150.6797332764;
16218.1025390625;-150.7144470215;
16405.9042968750;-150.7394104004;
16595.8613281250;-150.7684478760;
16788.0371093750;-150.8169860840;
16982.4375000000;-150.8874511719;
17179.0898437500;-150.9675750732;
17378.0000000000;-151.0421600342;
17579.2324218750;-151.1038055420;
17782.7949218750;-151.1356353760;
17988.7148437500;-151.1725311279;
18197.0175781250;-151.1857452393;
18407.7148437500;-151.1741180420;
18620.8710937500;-151.1357574463;
18836.4941406250;-151.0967254639;
19054.6171875000;-151.0563201904;
19275.2421875000;-150.9908294678;
19498.4433593750;-150.9106140137;
19724.2304687500;-150.8428802490;
19952.6328125000;-150.8107910156;
20183.6562500000;-150.8191986084;
20417.3769531250;-150.8561859131;
20653.8046875000;-150.9211120605;
20892.9687500000;-150.9575958252;
21134.8808593750;-150.9513854980;
21379.6171875000;-150.9225463867;
21627.1875000000;-150.8765258789;
21877.6230468750;-150.7943420410;
22130.9355468750;-150.7203826904;
22387.2070312500;-150.6976776123;
22646.4433593750;-150.7240905762;
22908.6835937500;-150.8842468262;
23173.9335937500;-151.0757598877;
23442.2812500000;-151.1238861084;
23713.7363281250;-151.0679931641;
23988.3359375000;-151.0225982666;
24266.1132812500;-151.0476837158;
24547.0820312500;-151.0795898438;
24831.3300781250;-151.0325317383;
25118.8691406250;-150.9529876709;
25409.7402343750;-150.9402160645;
25703.9492187500;-151.0202026367;
26001.5937500000;-151.1013946533;
26302.6835937500;-151.0661621094;
26607.2617187500;-150.9356689453;
26915.3378906250;-150.7967071533;
27227.0097656250;-150.7284545898;
27542.2910156250;-150.7891082764;
27861.2226562500;-150.9411773682;
28183.8164062500;-151.1279602051;
28510.1777343750;-151.2516174316;
28840.3183593750;-151.2285156250;
29174.2812500000;-151.0915985107;
29512.0781250000;-150.9941711426;
29853.8203125000;-150.9093627930;
30199.5175781250;-150.9578857422;
30549.2207031250;-150.9282684326;
30902.9375000000;-150.9020690918;
31260.7851562500;-150.8788452148;
31622.7773437500;-150.8689880371;
31988.9589843750;-150.8683013916;
32359.3828125000;-150.8877258301;
32734.0585937500;-150.9230346680;
33113.1093750000;-150.9752502441;
33496.5507812500;-151.0364227295;
33884.4335937500;-151.1015472412;
34276.7656250000;-151.1433868408;
34673.6835937500;-151.1724548340;
35075.1953125000;-151.1612548828;
35481.3554687500;-151.1283416748;
35892.1796875000;-151.0762939453;
36307.8007812500;-151.0231933594;
36728.2343750000;-150.9770507813;
37153.5390625000;-150.9518280029;
37583.7226562500;-150.9390716553;
38018.9335937500;-150.9313812256;
38459.1796875000;-150.9105834961;
38904.5273437500;-150.8668670654;
39354.9882812500;-150.8012390137;
39810.7070312500;-150.6597290039;
40271.7070312500;-150.4261932373;
40738.0390625000;-150.1019287109;
41209.7304687500;-149.6105651855;
41686.9257812500;-149.1121826172;
42169.6484375000;-148.6721496582;
42657.9648437500;-148.4136810303;
43151.9296875000;-148.4832763672;
43651.5703125000;-148.7677612305;
44157.0429687500;-149.2352905273;
44668.3671875000;-149.8007965088;
45185.6171875000;-150.2637176514;
45708.8046875000;-150.5978240967;
46238.0976562500;-150.7966156006;
46773.5234375000;-150.8761901855;
47315.1484375000;-150.8544311523;
47862.9921875000;-150.7806549072;
48417.2304687500;-150.6819915771;
48977.8867187500;-150.5866851807;
49545.0390625000;-150.5195159912;
50118.7031250000;-150.4847869873;
50699.0625000000;-150.4468994141;
51286.1445312500;-150.3852844238;
51880.0234375000;-150.3015136719;
52480.7187500000;-150.2094879150;
53088.4335937500;-150.1275329590;
53703.1835937500;-150.0728607178;
54325.0507812500;-150.0631408691;
54954.0585937500;-150.1116790771;
55590.4101562500;-150.2073822021;
56234.1328125000;-150.3056640625;
56885.3085937500;-150.3639678955;
57544.0234375000;-150.3604125977;
58210.3046875000;-150.3014221191;
58884.3632812500;-150.2249450684;
59566.2265625000;-150.1706085205;
60255.9882812500;-150.1746215820;
60953.6679687500;-150.1909790039;
61659.4960937500;-150.1884918213;
62373.4960937500;-150.1688079834;
63095.7617187500;-150.1599578857;
63826.3242187500;-150.1868438721;
64565.4140625000;-150.2437133789;
65313.0625000000;-150.2915802002;
66069.3671875000;-150.2888793945;
66834.3593750000;-150.1929473877;
67608.2890625000;-150.0983886719;
68391.1718750000;-150.0686492920;
69183.1250000000;-150.0491485596;
69984.1640625000;-150.0241394043;
70794.5625000000;-149.9848937988;
71614.3437500000;-149.8821868896;
72443.6171875000;-149.7535247803;
73282.4140625000;-149.6875152588;
74131.0078125000;-149.6664886475;
74989.4218750000;-149.7246704102;
75857.7812500000;-149.7740173340;
76736.1875000000;-149.7249755859;
77624.6875000000;-149.5789031982;
78523.5625000000;-149.4678649902;
79432.8437500000;-149.4357910156;
80352.6484375000;-149.4396972656;
81283.0234375000;-149.4348449707;
82224.2578125000;-149.3296508789;
83176.3906250000;-148.8610229492;
84139.5546875000;-148.0518798828;
85113.7734375000;-147.2908477783;
86099.3671875000;-147.2630462646;
87096.3671875000;-148.0970153809;
88104.9218750000;-148.8412322998;
89125.0546875000;-148.7935791016;
90157.1015625000;-148.4323577881;
91201.0937500000;-148.2554779053;
92257.1718750000;-148.3937530518;
93325.3828125000;-148.6993103027;
94406.0703125000;-149.0326385498;
95499.2656250000;-149.2064971924;
96605.1171875000;-149.2773895264;
97723.6718750000;-149.2313232422;
98855.2812500000;-149.0817108154;
100000.0000000000;-149.0480346680;
101157.9687500000;-149.1430664063;
102329.3515625000;-149.2446441650;
103514.1875000000;-149.3524017334;
104712.8515625000;-149.4612731934;
105925.3984375000;-149.5690460205;
107151.9843750000;-149.6653594971;
108392.6562500000;-149.7510223389;
109647.8125000000;-149.8238677979;
110917.5000000000;-149.8731384277;
112201.8984375000;-149.9109802246;
113501.0390625000;-149.9275054932;
114815.3437500000;-149.9289855957;
116144.8750000000;-149.9212493896;
117489.8046875000;-149.9015960693;
118850.1718750000;-149.8795471191;
120226.4218750000;-149.8569335938;
121618.6093750000;-149.8400268555;
123026.9218750000;-149.8341064453;
124451.3984375000;-149.8387298584;
125892.5156250000;-149.8600463867;
127350.3125000000;-149.8996734619;
128824.9921875000;-149.9504241943;
130316.6093750000;-150.0110473633;
131825.6406250000;-150.0786895752;
133352.1406250000;-150.1449737549;
134896.3281250000;-150.2079620361;
136458.3906250000;-150.2662963867;
138038.3906250000;-150.3199615479;
139636.8281250000;-150.3750762939;
141253.7812500000;-150.4343109131;
142889.4687500000;-150.4976806641;
144543.9218750000;-150.5627899170;
146217.7031250000;-150.6205291748;
147910.8593750000;-150.6670532227;
149623.6250000000;-150.7062072754;
151356.0625000000;-150.7407836914;
153108.7187500000;-150.7704620361;
154881.6875000000;-150.7904357910;
156675.1718750000;-150.7942047119;
158489.2500000000;-150.7855529785;
160324.5156250000;-150.7877502441;
162181.0312500000;-150.8202362061;
164059.0312500000;-150.8871002197;
165958.6093750000;-150.9722290039;
167880.3593750000;-151.0472717285;
169824.3750000000;-151.0895538330;
171790.8906250000;-151.0972595215;
173779.9843750000;-151.0885467529;
175792.3125000000;-151.0855712891;
177827.9375000000;-151.0895538330;
179887.1406250000;-151.1162872314;
181970.1875000000;-151.1613159180;
184077.1406250000;-151.2205047607;
186208.7031250000;-151.3006439209;
188364.9531250000;-151.3329925537;
190546.1562500000;-151.3240661621;
192752.4218750000;-151.3041992188;
194984.4375000000;-151.2656860352;
197242.3125000000;-151.1846771240;
199526.3125000000;-151.0539550781;
201836.5625000000;-150.9188842773;
204173.7656250000;-150.8631744385;
206538.0468750000;-151.0460510254;
208929.7031250000;-151.3850097656;
211348.8125000000;-151.5583190918;
213796.1718750000;-151.6367034912;
216271.8750000000;-151.6605224609;
218776.2343750000;-151.7122955322;
221309.3593750000;-151.7910614014;
223872.0625000000;-151.8200988770;
226464.4375000000;-151.8255310059;
229086.8281250000;-151.8458099365;
231739.3437500000;-151.9051666260;
234422.8125000000;-151.9523162842;
237137.3750000000;-151.9812316895;
239883.3593750000;-151.9480743408;
242661.1406250000;-151.9019165039;
245470.8125000000;-151.8723754883;
248313.2968750000;-151.9095916748;
251188.7031250000;-151.9777069092;
254097.3906250000;-152.0343170166;
257039.4843750000;-152.0667877197;
260015.9375000000;-152.0301666260;
263026.8437500000;-151.9113311768;
266072.6250000000;-151.8471374512;
269153.3750000000;-151.9042358398;
272270.0937500000;-151.9581298828;
275422.9062500000;-151.9448089600;
278612.2187500000;-151.9505920410;
281838.1562500000;-152.0388946533;
285101.7812500000;-152.1574401855;
288403.1875000000;-152.2402648926;
291742.8125000000;-152.1963043213;
295120.7812500000;-152.0768585205;
298538.1875000000;-152.0340728760;
301995.1875000000;-152.1749877930;
305492.2187500000;-152.1381378174;
309029.3750000000;-152.0784301758;
312607.8437500000;-152.0140838623;
316227.7812500000;-151.9418792725;
319889.5937500000;-151.8738861084;
323593.8125000000;-151.8082580566;
327340.5937500000;-151.7564849854;
331131.0937500000;-151.7051544189;
334965.5000000000;-151.6544952393;
338844.3125000000;-151.5876770020;
342767.6562500000;-151.5128479004;
346736.8125000000;-151.4249267578;
350751.9375000000;-151.3526000977;
354813.5312500000;-151.3005523682;
358921.7812500000;-151.3045806885;
363078.0000000000;-151.3689575195;
367282.3437500000;-151.4705657959;
371535.3750000000;-151.6104278564;
375837.2500000000;-151.7476501465;
380189.3437500000;-151.8697967529;
384591.8125000000;-151.9700927734;
389045.2812500000;-152.0349578857;
393549.8750000000;-152.0774078369;
398107.0937500000;-152.0902404785;
402717.0625000000;-152.0626983643;
407380.4062500000;-151.9484100342;
412097.3125000000;-151.7782135010;
416869.2812500000;-151.5770263672;
421696.5000000000;-151.3776397705;
426579.6250000000;-151.2471313477;
431519.3125000000;-151.2304077148;
436515.6875000000;-151.3132934570;
441570.4375000000;-151.4801330566;
446683.6875000000;-151.7052917480;
451856.1562500000;-151.9566040039;
457088.0312500000;-152.1947631836;
462380.9687500000;-152.3842926025;
467735.2187500000;-152.5031738281;
473151.4687500000;-152.5429077148;
478629.9062500000;-152.5152893066;
484172.3125000000;-152.4506683350;
489778.8750000000;-152.3866119385;
495450.3750000000;-152.3515167236;
501187.0000000000;-152.3553466797;
506990.6250000000;-152.3939208984;
512861.4375000000;-152.4553375244;
518800.2187500000;-152.5169525146;
524807.1875000000;-152.5454864502;
530884.3125000000;-152.5272216797;
537031.8125000000;-152.4924774170;
543250.5000000000;-152.4938507080;
549540.5625000000;-152.5536804199;
555904.1250000000;-152.6444549561;
562341.3125000000;-152.7143859863;
568853.0625000000;-152.7304992676;
575440.2500000000;-152.6973724365;
582103.0625000000;-152.6406250000;
588843.6250000000;-152.5520019531;
595662.2500000000;-152.4597015381;
602559.8750000000;-152.3875732422;
609536.6875000000;-152.3209075928;
616594.9375000000;-152.2879333496;
623734.9375000000;-152.3086242676;
630957.6250000000;-152.3727416992;
638263.2500000000;-152.4613800049;
645654.1250000000;-152.4867553711;
653130.6250000000;-152.4892272949;
660693.6875000000;-152.5188598633;
668343.6250000000;-152.6133270264;
676082.8750000000;-152.6993103027;
683911.6875000000;-152.7300872803;
691831.1875000000;-152.7382049561;
699841.6875000000;-152.6880187988;
707945.6250000000;-152.6109771729;
716143.4375000000;-152.3209686279;
724436.1875000000;-151.4233703613;
732824.1250000000;-150.2321624756;
741310.0625000000;-148.5197906494;
749894.1875000000;-147.8871612549;
758577.7500000000;-148.8851928711;
767361.8750000000;-150.8102111816;
776246.8750000000;-151.9291992188;
785235.6250000000;-152.6345520020;
794328.4375000000;-152.8183898926;
803526.5000000000;-152.8376464844;
812830.2500000000;-152.8075256348;
822242.5625000000;-152.7852325439;
831763.9375000000;-152.7611236572;
841395.5000000000;-152.7018432617;
851137.6875000000;-152.5953369141;
860993.6250000000;-152.4862213135;
870963.6875000000;-152.4647064209;
881049.2500000000;-152.6181793213;
891250.5625000000;-152.7791137695;
901571.0000000000;-152.8410491943;
912010.9375000000;-152.7783203125;
922571.7500000000;-152.6428070068;
933253.8750000000;-152.5497894287;
944060.6875000000;-152.5161132813;
954992.6250000000;-152.5965728760;
966051.1875000000;-152.7234191895;
977236.6875000000;-152.6996612549;
988552.8125000000;-152.6223144531;
1000000.0000000000;-152.5329589844;
