Window;1;Noise Spectrum;
Trace;1;
1.0000000000;-77.1966094971;
1.0115795135;-77.0237884521;
1.0232930183;-76.8886337280;
1.0351421833;-76.7890701294;
1.0471285582;-76.6895065308;
1.0592536926;-76.5899429321;
1.0715192556;-76.4903717041;
1.0839269161;-76.4221267700;
1.0964782238;-76.4485931396;
1.1091748476;-76.4750671387;
1.1220184565;-76.5015411377;
1.1350108385;-76.5280151367;
1.1481536627;-76.6029129028;
1.1614485979;-76.8000640869;
1.1748975515;-76.9972076416;
1.1885021925;-77.1943588257;
1.2022644281;-77.3915100098;
1.2161860466;-77.7057876587;
1.2302688360;-78.1022949219;
1.2445145845;-78.4988021851;
1.2589254379;-78.8953170776;
1.2735030651;-79.3149871826;
1.2882494926;-79.8866500854;
1.3031667471;-80.4583129883;
1.3182567358;-81.0299835205;
1.3335214853;-81.6016464233;
1.3489629030;-82.2091827393;
1.3645831347;-82.8209533691;
1.3803843260;-83.4327316284;
1.3963683844;-84.0445022583;
1.4125375748;-84.5594024658;
1.4288939238;-85.0577011108;
1.4454398155;-85.5560073853;
1.4621771574;-86.0543060303;
1.4791084528;-86.4630279541;
1.4962356091;-86.8710861206;
1.5135612488;-87.2791442871;
1.5310875177;-87.6529006958;
1.5488165617;-87.9450607300;
1.5667510033;-88.2372131348;
1.5848932266;-88.5293731689;
1.6032453775;-88.6859436035;
1.6218100786;-88.7973709106;
1.6405898333;-88.9087982178;
1.6595869064;-89.0307235718;
1.6788040400;-89.1726913452;
1.6982436180;-89.3146667480;
1.7179083824;-89.4733886719;
1.7378008366;-89.8712615967;
1.7579236031;-90.2691268921;
1.7782794237;-90.6669921875;
1.7988709211;-91.3811111450;
1.8197008371;-92.1277999878;
1.8407719135;-92.8744812012;
1.8620871305;-93.5913314819;
1.8836491108;-94.3032760620;
1.9054607153;-95.0152206421;
1.9275249243;-94.8318099976;
1.9498445988;-94.5641479492;
1.9724227190;-94.2804183960;
1.9952623844;-93.7688522339;
2.0183663368;-93.2573013306;
2.0417380333;-92.7943344116;
2.0653800964;-92.4404449463;
2.0892961025;-92.0865478516;
2.1134889126;-91.8909301758;
2.1379621029;-91.7861099243;
2.1627185345;-91.6904296875;
2.1877615452;-91.8008651733;
2.2130947113;-91.9113006592;
2.2387211323;-92.0367507935;
2.2646441460;-92.1757965088;
2.2908678055;-92.2958831787;
2.3173947334;-92.1909561157;
2.3442287445;-92.0860290527;
2.3713736534;-91.7373275757;
2.3988327980;-91.2830886841;
2.4266099930;-90.8077774048;
2.4547088146;-90.2983093262;
2.4831330776;-89.8117675781;
2.5118863583;-89.4851760864;
2.5409727097;-89.1585845947;
2.5703957081;-88.9997711182;
2.6001594067;-88.8543167114;
2.6302678585;-88.7854080200;
2.6607251167;-88.7379074097;
2.6915347576;-88.7399520874;
2.7227013111;-88.7644195557;
2.7542285919;-88.8786163330;
2.7861211300;-89.0422821045;
2.8183827400;-89.3621978760;
2.8510184288;-89.7670974731;
2.8840315342;-90.3810729980;
2.9174270630;-91.0864868164;
2.9512093067;-91.9616699219;
2.9853825569;-92.8828735352;
3.0199515820;-93.7032089233;
3.0549211502;-94.4825897217;
3.0902955532;-94.9380874634;
3.1260793209;-95.3256072998;
3.1622776985;-95.5537796021;
3.1988949776;-95.6412429810;
3.2359364033;-95.6108703613;
3.2734067440;-95.1834182739;
3.3113110065;-94.6254425049;
3.3496541977;-93.7800979614;
3.3884413242;-92.9932937622;
3.4276781082;-92.2691345215;
3.4673686028;-91.9484558105;
3.5075187683;-91.8685302734;
3.5481340885;-92.2717056274;
3.5892193317;-93.2004013062;
3.6307804585;-94.4689941406;
3.6728229523;-96.3287734985;
3.7153522968;-98.3158950806;
3.7583739758;-100.1905670166;
3.8018937111;-101.1717300415;
3.8459177017;-101.4491729736;
3.8904511929;-101.3075866699;
3.9355010986;-100.8218231201;
3.9810719490;-99.7921981812;
4.0271706581;-98.6779098511;
4.0738029480;-97.6149749756;
4.1209754944;-96.9638214111;
4.1686940193;-96.8386001587;
4.2169651985;-97.1949844360;
4.2657952309;-97.9408645630;
4.3151907921;-98.5138320923;
4.3651580811;-97.3758621216;
4.4157042503;-95.6096725464;
4.4668354988;-93.8670272827;
4.5185589790;-92.7241363525;
4.5708823204;-92.3472442627;
4.6238102913;-92.4994735718;
4.6773514748;-92.9056549072;
4.7315125465;-93.4107971191;
4.7863011360;-93.9856185913;
4.8417239189;-94.7525482178;
4.8977880478;-95.8953018188;
4.9545016289;-97.3580780029;
5.0118722916;-98.5441741943;
5.0699067116;-99.1715621948;
5.1286134720;-99.5731506348;
5.1880002022;-100.0462112427;
5.2480750084;-100.3238143921;
5.3088445663;-99.8099746704;
5.3703184128;-98.4764862061;
5.4325037003;-97.0370712280;
5.4954090118;-96.1755523682;
5.5590424538;-95.9466323853;
5.6234130859;-96.2319488525;
5.6885290146;-96.6644515991;
5.7543992996;-96.9294586182;
5.8210320473;-97.2424697876;
5.8884363174;-97.0469741821;
5.9566211700;-96.3196182251;
6.0255956650;-95.8194732666;
6.0953693390;-96.0521392822;
6.1659502983;-97.2110061646;
6.2373485565;-99.3893280029;
6.3095736504;-102.6654663086;
6.3826351166;-106.4817428589;
6.4565424919;-105.5785827637;
6.5313053131;-101.5304870605;
6.6069345474;-99.4779205322;
6.6834387779;-98.2860565186;
6.7608294487;-97.7704238892;
6.8391160965;-98.2526626587;
6.9183092117;-100.0680999756;
6.9984202385;-101.7588958740;
7.0794582367;-103.2218704224;
7.1614346504;-104.4023895264;
7.2443599701;-101.9038085938;
7.3282456398;-98.9757690430;
7.4131026268;-96.5993347168;
7.4989418983;-96.2537994385;
7.5857758522;-97.1189117432;
7.6736145020;-97.6254959106;
7.7624707222;-97.5311355591;
7.8523559570;-97.6707687378;
7.9432821274;-98.7898712158;
8.0352611542;-101.3875808716;
8.1283054352;-103.8939361572;
8.2224273682;-102.0866775513;
8.3176383972;-100.1025161743;
8.4139518738;-99.5608901978;
8.5113801956;-99.4876403809;
8.6099376678;-99.2248916626;
8.7096357346;-99.7442626953;
8.8104887009;-100.5018997192;
8.9125089645;-99.2227249146;
9.0157108307;-98.0880050659;
9.1201076508;-100.4951019287;
9.2257137299;-108.1535339355;
9.3325433731;-102.2149887085;
9.4406089783;-95.4360733032;
9.5499258041;-93.6643600464;
9.6605091095;-94.3707199097;
9.7723722458;-96.3939590454;
9.8855314255;-99.4630508423;
10.0000000000;-99.6042709351;
10.1157941818;-100.0213470459;
10.2329292297;-100.4437637329;
10.3514213562;-100.8516998291;
10.4712848663;-101.2197647095;
10.5925369263;-101.5143737793;
10.7151927948;-101.7020034790;
10.8392686844;-101.7687454224;
10.9647808075;-101.7344818115;
11.0917472839;-101.6676483154;
11.2201833725;-101.5548553467;
11.3501071930;-101.4253845215;
11.4815349579;-101.2562026978;
11.6144876480;-101.0200805664;
11.7489767075;-100.7188034058;
11.8850231171;-100.2462005615;
12.0226459503;-99.9051895142;
12.1618614197;-99.8288192749;
12.3026885986;-99.8837814331;
12.4451465607;-100.0616531372;
12.5892543793;-100.3448562622;
12.7350311279;-100.7144088745;
12.8824958801;-101.1549453735;
13.0316677094;-101.9191436768;
13.1825675964;-102.7664337158;
13.3352146149;-103.3077392578;
13.4896287918;-103.7645187378;
13.6458311081;-104.0822753906;
13.8038425446;-104.2375488281;
13.9636831284;-104.1202392578;
14.1253747940;-103.9133834839;
14.2889385223;-103.4891510010;
14.4543962479;-103.0313796997;
14.6217708588;-102.7602157593;
14.7910823822;-102.5670700073;
14.9623546600;-102.5128936768;
15.1356105804;-102.7188262939;
15.3108730316;-103.1139373779;
15.4881677628;-103.3894348145;
15.6675128937;-103.3036499023;
15.8489332199;-102.7213973999;
16.0324554443;-101.9628524780;
16.2181015015;-101.3447494507;
16.4058990479;-100.9975433350;
16.5958709717;-100.9985733032;
16.7880401611;-101.2784957886;
16.9824371338;-101.8964691162;
17.1790847778;-102.7341079712;
17.3780078888;-103.4723892212;
17.5792369843;-103.7151870728;
17.7827949524;-103.4142532349;
17.9887084961;-103.0967559814;
18.1970081329;-102.8972396851;
18.4077186584;-102.7310638428;
18.6208705902;-102.3962631226;
18.8364906311;-102.1103134155;
19.0546054840;-101.9111175537;
19.2752475739;-101.8243179321;
19.4984436035;-101.8948287964;
19.7242259979;-102.0292282104;
19.9526214600;-102.1539916992;
20.1836605072;-102.3744201660;
20.4173774719;-102.9785156250;
20.6538047791;-104.0149536133;
20.8929634094;-104.8964996338;
21.1348934174;-104.6675491333;
21.3796234131;-103.8630142212;
21.6271877289;-103.4969329834;
21.8776187897;-103.5793914795;
22.1309490204;-103.3896789551;
22.3872127533;-102.6659698486;
22.6464443207;-102.1394119263;
22.9086780548;-102.4021835327;
23.1739463806;-103.3731002808;
23.4422893524;-104.2049789429;
23.7137374878;-104.0270309448;
23.9883289337;-103.2883682251;
24.2660999298;-102.6765518188;
24.5470886230;-102.1400680542;
24.8313293457;-101.6793746948;
25.1188621521;-101.6262512207;
25.4097251892;-102.0966339111;
25.7039566040;-102.9859313965;
26.0015926361;-103.2369918823;
26.3026771545;-102.9441299438;
26.6072483063;-102.8469009399;
26.9153442383;-102.7931442261;
27.2270088196;-102.6494903564;
27.5422897339;-102.9122772217;
27.8612155914;-104.1338653564;
28.1838321686;-105.8254776001;
28.5101852417;-105.9159545898;
28.8403167725;-104.2171173096;
29.1742725372;-103.0634078979;
29.5120944977;-102.5816421509;
29.8538284302;-102.7025985718;
30.1995182037;-104.2763290405;
30.5492115021;-104.6266250610;
30.9029541016;-105.0742950439;
31.2607936859;-105.5272903442;
31.6227760315;-105.9551544189;
31.9889507294;-106.2953948975;
32.3593635559;-106.4722747803;
32.7340698242;-106.5360412598;
33.1131095886;-106.4968338013;
33.4965438843;-106.3780059814;
33.8844146729;-106.2595062256;
34.2767753601;-106.1730804443;
34.6736831665;-106.1351394653;
35.0751838684;-106.1585540771;
35.4813346863;-106.2293930054;
35.8921890259;-106.3071594238;
36.3078002930;-106.3790283203;
36.7282333374;-106.4395751953;
37.1535263062;-106.4933319092;
37.5837440491;-106.5560989380;
38.0189437866;-106.6395111084;
38.4591827393;-106.7409210205;
38.9045181274;-106.8452758789;
39.3550109863;-106.9242782593;
39.8107185364;-106.9436340332;
40.2717056274;-106.8795700073;
40.7380294800;-106.7411880493;
41.2097511292;-106.5797729492;
41.6869392395;-106.4737930298;
42.1696510315;-106.4754104614;
42.6579513550;-106.5743255615;
43.1519050598;-106.7041854858;
43.6515808105;-106.7807540894;
44.1570434570;-106.7707901001;
44.6683578491;-106.7114028931;
45.1855926514;-106.7108535767;
45.7088165283;-106.7910461426;
46.2380981445;-106.9068450928;
46.7735099792;-106.9757766724;
47.3151206970;-106.9394149780;
47.8630027771;-106.8060607910;
48.4172286987;-106.6375427246;
48.9778900146;-106.5041198730;
49.5450248718;-106.4536666870;
50.1187286377;-106.5702667236;
50.6990776062;-106.8104248047;
51.2861442566;-106.9634704590;
51.8800086975;-107.0779724121;
52.4807510376;-107.2049255371;
53.0884475708;-107.4350357056;
53.7031822205;-108.0349197388;
54.3250350952;-108.5692291260;
54.9540901184;-108.5206451416;
55.5904273987;-108.1623916626;
56.2341308594;-107.6449432373;
56.8852920532;-107.7294692993;
57.5439910889;-108.2904510498;
58.2103195190;-107.8745803833;
58.8843612671;-107.9249649048;
59.5662117004;-107.9995269775;
60.2559547424;-108.1099395752;
60.9536857605;-108.2194366455;
61.6594963074;-108.2915191650;
62.3734779358;-109.1853561401;
63.0957260132;-108.6860961914;
63.8263397217;-108.0527648926;
64.5654144287;-107.9485626221;
65.3130645752;-107.9922180176;
66.0693511963;-108.0904235840;
66.8343963623;-108.3038024902;
67.6083068848;-108.5300674438;
68.3911743164;-108.7209777832;
69.1831054688;-108.8495712280;
69.9842071533;-108.9474258423;
70.7945785522;-109.1289901733;
71.6143417358;-109.4130249023;
72.4435958862;-109.6948699951;
73.2824554443;-109.7138977051;
74.1310272217;-109.5621261597;
74.9894180298;-109.4100112915;
75.8577575684;-109.6589965820;
76.7361450195;-110.0667877197;
77.6247100830;-110.4342346191;
78.5235595703;-110.7990570068;
79.4328155518;-110.9774551392;
80.3526077271;-110.8190383911;
81.2830429077;-110.4515762329;
82.2242584229;-110.0568466187;
83.1763687134;-109.9784011841;
84.1395034790;-110.3950119019;
85.1137924194;-111.2064361572;
86.0993652344;-111.5126647949;
87.0963668823;-111.0164489746;
88.1048965454;-110.7655029297;
89.1251068115;-111.1477584839;
90.1571197510;-111.5562820435;
91.2010955811;-111.4426803589;
92.2571487427;-111.3739547729;
93.3254394531;-112.1080932617;
94.4060897827;-113.5064163208;
95.4992599487;-113.8131637573;
96.6050872803;-111.8728790283;
97.7237243652;-110.5998916626;
98.8553085327;-110.3493194580;
100.0000000000;-111.2404479980;
101.1579742432;-111.2590560913;
102.3292999268;-111.3221359253;
103.5142440796;-111.4272232056;
104.7128524780;-111.5496597290;
105.9253921509;-111.6734161377;
107.1519241333;-111.7708358765;
108.3927154541;-111.8574981689;
109.6478118896;-111.9311599731;
110.9175033569;-112.0110092163;
112.2018356323;-112.0927658081;
113.5010986328;-112.1765518188;
114.8153457642;-112.2354660034;
116.1448745728;-112.2764205933;
117.4897384644;-112.2799911499;
118.8502349854;-112.2852706909;
120.2264251709;-112.2954635620;
121.6186141968;-112.3299560547;
123.0268554688;-112.3629760742;
124.4514694214;-112.3866195679;
125.8925170898;-112.3831024170;
127.3503112793;-112.3612976074;
128.8249206543;-112.3440246582;
130.3166809082;-112.3403320313;
131.8256378174;-112.3754730225;
133.3521423340;-112.4405746460;
134.8963165283;-112.5332870483;
136.4583129883;-112.6545181274;
138.0384674072;-112.8147888184;
139.6368255615;-112.9933929443;
141.2537841797;-113.1608200073;
142.8893890381;-113.2913131714;
144.5440063477;-113.3581619263;
146.2176971436;-113.3329238892;
147.9108581543;-113.2490386963;
149.6235504150;-113.1419372559;
151.3561553955;-113.0414047241;
153.1087188721;-112.9721450806;
154.8816833496;-112.9466018677;
156.6750793457;-112.9580993652;
158.4893341064;-112.9793701172;
160.3245086670;-112.9863891602;
162.1810302734;-112.9786300659;
164.0589447021;-112.9624862671;
165.9586944580;-112.9447555542;
167.8803710938;-112.9398498535;
169.8243713379;-112.9766235352;
171.7908020020;-113.0857467651;
173.7800903320;-113.2725143433;
175.7923126221;-113.5076980591;
177.8279418945;-113.6555480957;
179.8871459961;-113.8880157471;
181.9700775146;-114.0743865967;
184.0772399902;-114.1677398682;
186.2087097168;-114.0462951660;
188.3649444580;-113.7723464966;
190.5460662842;-113.6386566162;
192.7525329590;-113.6287841797;
194.9844360352;-113.7461166382;
197.2423095703;-113.9424514771;
199.5262145996;-114.1488113403;
201.8366699219;-114.3084487915;
204.1737670898;-114.3953018188;
206.5380401611;-114.4504623413;
208.9295806885;-114.6068420410;
211.3489227295;-114.8428955078;
213.7961730957;-115.1020431519;
216.2718658447;-115.2625198364;
218.7761230469;-115.1958160400;
221.3094787598;-114.9759140015;
223.8720703125;-114.8784790039;
226.4644470215;-114.8786392212;
229.0867156982;-114.9723892212;
231.7394714355;-114.9521408081;
234.4228210449;-114.7023010254;
237.1373748779;-113.3930282593;
239.8833618164;-111.3283538818;
242.6610107422;-110.0681381226;
245.4709472656;-109.4641799927;
248.3132934570;-110.3579483032;
251.1887054443;-112.4598159790;
254.0972595215;-114.3753662109;
257.0396423340;-114.8329467773;
260.0159301758;-114.8380737305;
263.0268554688;-114.2473297119;
266.0724792480;-111.0079727173;
269.1535339355;-104.7393951416;
272.2700805664;-100.5011444092;
275.4229125977;-98.4151992798;
278.6120605469;-98.4333267212;
281.8383178711;-100.8637161255;
285.1017761230;-105.6528472900;
288.4031677246;-111.0316390991;
291.7426452637;-114.6935806274;
295.1209411621;-115.0714340210;
298.5382080078;-115.2959899902;
301.9951782227;-111.1005859375;
305.4920349121;-112.9427261353;
309.0295410156;-114.3139343262;
312.6078491211;-115.5253524780;
316.2277526855;-116.0135803223;
319.8895874023;-116.3763961792;
323.5936584473;-116.4638824463;
327.3407592773;-116.5153961182;
331.1311035156;-116.5286026001;
334.9655151367;-116.5463485718;
338.8441467285;-116.5661087036;
342.7678527832;-116.6022262573;
346.7368164063;-116.6429595947;
350.7519226074;-116.6963806152;
354.8133544922;-116.7577133179;
358.9219970703;-116.8260116577;
363.0780029297;-116.9011535645;
367.2823486328;-116.9763565063;
371.5351867676;-117.0489120483;
375.8374328613;-117.1150207520;
380.1893310547;-117.1769638062;
384.5918273926;-117.2309722900;
389.0450744629;-117.2809448242;
393.5501098633;-117.3272628784;
398.1070861816;-117.3642196655;
402.7170410156;-117.3940505981;
407.3801879883;-117.4176025391;
412.0975341797;-117.4347763062;
416.8692626953;-117.4566726685;
421.6965026855;-117.4855575562;
426.5796203613;-117.5280151367;
431.5190734863;-117.5857009888;
436.5159301758;-117.6485977173;
441.5704345703;-117.7121124268;
446.6836853027;-117.7629318237;
451.8559265137;-117.7871246338;
457.0882873535;-117.7912521362;
462.3809814453;-117.7810897827;
467.7352294922;-117.7679443359;
473.1512145996;-117.7707138062;
478.6301574707;-117.7936248779;
484.1723022461;-117.8441009521;
489.7788696289;-117.9300308228;
495.4501037598;-118.0577392578;
501.1872863770;-118.2221679688;
506.9906311035;-118.3779678345;
512.8614501953;-118.4831848145;
518.7999267578;-118.5082626343;
524.8074951172;-118.4418106079;
530.8843383789;-118.3038253784;
537.0317993164;-118.1548004150;
543.2501831055;-118.0849304199;
549.5408935547;-118.1637191772;
555.9041137695;-118.3855972290;
562.3413085938;-118.6581497192;
568.8530883789;-118.8898925781;
575.4399414063;-119.0317230225;
582.1033325195;-119.0652618408;
588.8436279297;-119.0108261108;
595.6622924805;-118.9332275391;
602.5595703125;-118.9661178589;
609.5369873047;-119.1201171875;
616.5949707031;-119.3178253174;
623.7349243164;-119.4349899292;
630.9572753906;-119.3783645630;
638.2636108398;-119.1170654297;
645.6541137695;-118.7024459839;
653.1306152344;-118.2852325439;
660.6933593750;-118.0407562256;
668.3439941406;-118.1668014526;
676.0828857422;-118.6188507080;
683.9116821289;-118.9538192749;
691.8308105469;-119.1740951538;
699.8420410156;-118.9581832886;
707.9456176758;-117.5567398071;
716.1434326172;-113.2156448364;
724.4357910156;-109.9897689819;
732.8245239258;-109.0509643555;
741.3100585938;-109.2846069336;
749.8942260742;-111.7309722900;
758.5777587891;-116.1043548584;
767.3614501953;-118.3900375366;
776.2473144531;-119.1436462402;
785.2355957031;-119.2349319458;
794.3284301758;-119.3850936890;
803.5260620117;-118.6322021484;
812.8306884766;-116.2896270752;
822.2425537109;-114.5464401245;
831.7639160156;-113.5183105469;
841.3950195313;-114.4470520020;
851.1381835938;-117.0196380615;
860.9936523438;-119.4090728760;
870.9636840820;-119.9921035767;
881.0487670898;-120.1125869751;
891.2510375977;-120.1586074829;
901.5709838867;-120.2112655640;
912.0109252930;-120.3016586304;
922.5712280273;-120.4111785889;
933.2543334961;-120.5896835327;
944.0606689453;-120.6608810425;
954.9926147461;-120.4865493774;
966.0506591797;-120.3413696289;
977.2372436523;-120.3180465698;
988.5528564453;-120.4675292969;
1000.0000000000;-120.6644744873;
1011.5797119141;-120.7084960938;
1023.2929687500;-120.7497329712;
1035.1424560547;-120.7883300781;
1047.1285400391;-120.8220214844;
1059.2539062500;-120.8537521362;
1071.5192871094;-120.8796844482;
1083.9271240234;-120.9008636475;
1096.4781494141;-120.9162902832;
1109.1750488281;-120.9174575806;
1122.0183105469;-120.9095535278;
1135.0109863281;-120.8817749023;
1148.1534423828;-120.8303604126;
1161.4487304688;-120.7634048462;
1174.8973388672;-120.6709594727;
1188.5023193359;-120.5839843750;
1202.2642822266;-120.5093994141;
1216.1861572266;-120.4914932251;
1230.2685546875;-120.5426330566;
1244.5146484375;-120.6480331421;
1258.9251708984;-120.8205642700;
1273.5031738281;-121.0143966675;
1288.2492675781;-121.1841888428;
1303.1667480469;-121.3081054688;
1318.2563476563;-121.3064956665;
1333.5214843750;-121.2139739990;
1348.9632568359;-121.0776138306;
1364.5831298828;-120.9359741211;
1380.3846435547;-120.8812103271;
1396.3682861328;-120.9483108521;
1412.5378417969;-121.1075134277;
1428.8939208984;-121.3277740479;
1445.4400634766;-121.5619277954;
1462.1770019531;-121.7324295044;
1479.1086425781;-121.7889480591;
1496.2354736328;-121.7035751343;
1513.5615234375;-121.4675903320;
1531.0872802734;-121.1161575317;
1548.8167724609;-120.7409133911;
1566.7508544922;-120.4757461548;
1584.8933105469;-120.4665603638;
1603.2451171875;-120.7039489746;
1621.8101806641;-121.1140060425;
1640.5894775391;-121.5723724365;
1659.5870361328;-121.9495162964;
1678.8035888672;-122.1712341309;
1698.2437744141;-122.2473907471;
1717.9079589844;-122.2431869507;
1737.8009033203;-122.2215423584;
1757.9230957031;-122.2092590332;
1778.2794189453;-122.2059555054;
1798.8713378906;-122.2025451660;
1819.7008056641;-122.2032928467;
1840.7724609375;-122.2211456299;
1862.0870361328;-122.3098449707;
1883.6495361328;-122.4591217041;
1905.4605712891;-122.5644607544;
1927.5252685547;-122.6320343018;
1949.8444824219;-122.6504821777;
1972.4230957031;-122.6459655762;
1995.2620849609;-122.6519393921;
2018.3666992188;-122.6735458374;
2041.7376708984;-122.6933975220;
2065.3803710938;-122.7133636475;
2089.2958984375;-122.7647705078;
2113.4892578125;-122.8359909058;
2137.9616699219;-122.9237899780;
2162.7187500000;-123.0057601929;
2187.7612304688;-123.0609970093;
2213.0949707031;-123.0417938232;
2238.7207031250;-123.0143737793;
2264.6442871094;-123.0005493164;
2290.8671875000;-122.9896621704;
2317.3947753906;-122.9537811279;
2344.2282714844;-122.9145050049;
2371.3737792969;-122.8778305054;
2398.8334960938;-122.8866577148;
2426.6101074219;-122.9253845215;
2454.7094726563;-123.0241317749;
2483.1330566406;-123.1155319214;
2511.8869628906;-123.1109924316;
2540.9726562500;-123.0671768188;
2570.3962402344;-123.1104888916;
2600.1594238281;-123.2281265259;
2630.2685546875;-123.2748031616;
2660.7248535156;-123.2348937988;
2691.5351562500;-123.2778396606;
2722.7009277344;-123.4133758545;
2754.2290039063;-123.4055328369;
2786.1208496094;-123.2085266113;
2818.3833007813;-123.0759735107;
2851.0178222656;-123.1733627319;
2884.0317382813;-123.4022369385;
2917.4265136719;-123.5283355713;
2951.2094726563;-123.4817810059;
2985.3820800781;-123.4269485474;
3019.9519042969;-123.1904373169;
3054.9204101563;-123.2019577026;
3090.2954101563;-123.2273941040;
3126.0786132813;-123.2574462891;
3162.2775878906;-123.3083572388;
3198.8959960938;-123.3644485474;
3235.9365234375;-123.4319229126;
3273.4077148438;-123.4940643311;
3311.3110351563;-123.5505371094;
3349.6550292969;-123.5840606689;
3388.4414062500;-123.6074371338;
3427.6784667969;-123.6009521484;
3467.3681640625;-123.5891342163;
3507.5192871094;-123.5652389526;
3548.1335449219;-123.5415802002;
3589.2199707031;-123.5181198120;
3630.7800292969;-123.5039520264;
3672.8234863281;-123.4949951172;
3715.3518066406;-123.4975051880;
3758.3745117188;-123.5102539063;
3801.8933105469;-123.5295715332;
3845.9182128906;-123.5613403320;
3890.4506835938;-123.6000289917;
3935.5009765625;-123.6446609497;
3981.0708007813;-123.6984252930;
4027.1704101563;-123.7535476685;
4073.8017578125;-123.8089599609;
4120.9750976563;-123.8576889038;
4168.6928710938;-123.8972778320;
4216.9648437500;-123.9294662476;
4265.7963867188;-123.9533538818;
4315.1904296875;-123.9776611328;
4365.1591796875;-124.0101699829;
4415.7041015625;-124.0548782349;
4466.8369140625;-124.1220474243;
4518.5590820313;-124.2047805786;
4570.8828125000;-124.2866287231;
4623.8095703125;-124.3554229736;
4677.3520507813;-124.3938369751;
4731.5122070313;-124.3829421997;
4786.3017578125;-124.3487014771;
4841.7231445313;-124.3119049072;
4897.7890625000;-124.2940979004;
4954.5009765625;-124.3136520386;
5011.8730468750;-124.3753890991;
5069.9062500000;-124.4432678223;
5128.6142578125;-124.4833068848;
5187.9995117188;-124.4787139893;
5248.0747070313;-124.4319076538;
5308.8432617188;-124.3636245728;
5370.3183593750;-124.3043823242;
5432.5019531250;-124.2807846069;
5495.4086914063;-124.3023529053;
5559.0410156250;-124.3541259766;
5623.4130859375;-124.4056091309;
5688.5307617188;-124.4483566284;
5754.3994140625;-124.5053787231;
5821.0336914063;-124.6028900146;
5888.4365234375;-124.7333602905;
5956.6225585938;-124.8669738770;
6025.5957031250;-124.8977813721;
6095.3701171875;-124.8402862549;
6165.9497070313;-124.7378005981;
6237.3496093750;-124.6536026001;
6309.5727539063;-124.6241989136;
6382.6357421875;-124.6398239136;
6456.5415039063;-124.6678085327;
6531.3061523438;-124.6880493164;
6606.9335937500;-124.7050323486;
6683.4399414063;-124.7646255493;
6760.8286132813;-124.8569564819;
6839.1171875000;-124.8996963501;
6918.3081054688;-124.9109191895;
6998.4204101563;-124.9056015015;
7079.4560546875;-124.8972091675;
7161.4345703125;-124.8823013306;
7244.3579101563;-124.8789520264;
7328.2456054688;-124.8971099854;
7413.1005859375;-124.9238815308;
7498.9418945313;-124.9342880249;
7585.7778320313;-124.9016647339;
7673.6147460938;-124.8800888062;
7762.4731445313;-124.8738632202;
7852.3559570313;-124.8645629883;
7943.2841796875;-124.8607711792;
8035.2607421875;-124.8996810913;
8128.3066406250;-124.9527664185;
8222.4257812500;-124.9448471069;
8317.6396484375;-124.8398971558;
8413.9501953125;-124.7450561523;
8511.3818359375;-124.7792282104;
8609.9365234375;-124.8595046997;
8709.6367187500;-124.9381637573;
8810.4873046875;-125.0446548462;
8912.5107421875;-125.1731948853;
9015.7099609375;-125.2343902588;
9120.1093750000;-125.1556015015;
9225.7128906250;-125.0294799805;
9332.5439453125;-124.9223937988;
9440.6064453125;-124.8401260376;
9549.9267578125;-124.8367385864;
9660.5068359375;-124.8308486938;
9772.3720703125;-124.7786102295;
9885.5283203125;-124.7502517700;
10000.0000000000;-124.8275833130;
10115.7968750000;-124.8360595703;
10232.9355468750;-124.8508148193;
10351.4189453125;-124.8714981079;
10471.2851562500;-124.8918914795;
10592.5400390625;-124.9105300903;
10715.1982421875;-124.9153213501;
10839.2656250000;-124.9083328247;
10964.7812500000;-124.8871383667;
11091.7500000000;-124.8433456421;
11220.1894531250;-124.7905654907;
11350.1035156250;-124.7237091064;
11481.5351562500;-124.6549606323;
11614.4873046875;-124.5869140625;
11748.9804687500;-124.5294723511;
11885.0166015625;-124.4849166870;
12022.6425781250;-124.4513244629;
12161.8613281250;-124.4375839233;
12302.6923828125;-124.4387588501;
12445.1396484375;-124.4507980347;
12589.2509765625;-124.4746322632;
12735.0312500000;-124.4999160767;
12882.4990234375;-124.5203018188;
13031.6611328125;-124.5329895020;
13182.5634765625;-124.5316238403;
13335.2138671875;-124.5219039917;
13489.6328125000;-124.5043487549;
13645.8388671875;-124.4783859253;
13803.8388671875;-124.4387512207;
13963.6826171875;-124.3902969360;
14125.3789062500;-124.3412704468;
14288.9462890625;-124.2975311279;
14454.3925781250;-124.2641143799;
14621.7705078125;-124.2404861450;
14791.0869140625;-124.2153549194;
14962.3632812500;-124.1853637695;
15135.6064453125;-124.1534500122;
15310.8730468750;-124.1258544922;
15488.1679687500;-124.1081924438;
15667.5166015625;-124.0981903076;
15848.9248046875;-124.0773315430;
16032.4511718750;-124.0271835327;
16218.1025390625;-123.9429931641;
16405.9042968750;-123.8334197998;
16595.8613281250;-123.7175674438;
16788.0371093750;-123.6203842163;
16982.4375000000;-123.5674743652;
17179.0898437500;-123.5768661499;
17378.0000000000;-123.6464004517;
17579.2324218750;-123.7422027588;
17782.7949218750;-123.7969131470;
17988.7148437500;-123.8150787354;
18197.0175781250;-123.7363433838;
18407.7148437500;-123.6015625000;
18620.8710937500;-123.4344787598;
18836.4941406250;-123.3482437134;
19054.6171875000;-123.3079757690;
19275.2421875000;-123.2519073486;
19498.4433593750;-123.1837234497;
19724.2304687500;-123.1219024658;
19952.6328125000;-123.0767898560;
20183.6562500000;-123.0384292603;
20417.3769531250;-122.9902877808;
20653.8046875000;-122.9145812988;
20892.9687500000;-122.8905944824;
21134.8808593750;-122.9141006470;
21379.6171875000;-122.9344482422;
21627.1875000000;-122.9217910767;
21877.6230468750;-122.8280258179;
22130.9355468750;-122.7124633789;
22387.2070312500;-122.6589965820;
22646.4433593750;-122.6284637451;
22908.6835937500;-122.5921783447;
23173.9335937500;-122.5365219116;
23442.2812500000;-122.4850311279;
23713.7363281250;-122.4074020386;
23988.3359375000;-122.3433761597;
24266.1132812500;-122.3130874634;
24547.0820312500;-122.2928466797;
24831.3300781250;-122.2816619873;
25118.8691406250;-122.2024765015;
25409.7402343750;-121.9620285034;
25703.9492187500;-121.1721572876;
26001.5937500000;-119.8724365234;
26302.6835937500;-118.7249984741;
26607.2617187500;-118.4813308716;
26915.3378906250;-119.3843460083;
27227.0097656250;-120.6176300049;
27542.2910156250;-121.2012405396;
27861.2226562500;-121.3122406006;
28183.8164062500;-121.3605957031;
28510.1777343750;-121.4966278076;
28840.3183593750;-121.6445465088;
29174.2812500000;-121.7570266724;
29512.0781250000;-121.8290481567;
29853.8203125000;-121.8966369629;
30199.5175781250;-121.7524032593;
30549.2207031250;-121.7549514771;
30902.9375000000;-121.7263259888;
31260.7851562500;-121.6974258423;
31622.7773437500;-121.6673126221;
31988.9589843750;-121.6417465210;
32359.3828125000;-121.6261901855;
32734.0585937500;-121.6212692261;
33113.1093750000;-121.6276855469;
33496.5507812500;-121.6476516724;
33884.4335937500;-121.6736068726;
34276.7656250000;-121.6985321045;
34673.6835937500;-121.7174835205;
35075.1953125000;-121.7152557373;
35481.3554687500;-121.6966094971;
35892.1796875000;-121.6635055542;
36307.8007812500;-121.6218414307;
36728.2343750000;-121.5822448730;
37153.5390625000;-121.5522384644;
37583.7226562500;-121.5363922119;
38018.9335937500;-121.5296325684;
38459.1796875000;-121.5400161743;
38904.5273437500;-121.5556106567;
39354.9882812500;-121.5748367310;
39810.7070312500;-121.5839233398;
40271.7070312500;-121.5751571655;
40738.0390625000;-121.5499191284;
41209.7304687500;-121.5020294189;
41686.9257812500;-121.4646301270;
42169.6484375000;-121.4462738037;
42657.9648437500;-121.4684143066;
43151.9296875000;-121.5385513306;
43651.5703125000;-121.6289901733;
44157.0429687500;-121.7317199707;
44668.3671875000;-121.8306274414;
45185.6171875000;-121.9139862061;
45708.8046875000;-121.9832992554;
46238.0976562500;-122.0400924683;
46773.5234375000;-122.0884094238;
47315.1484375000;-122.1474533081;
47862.9921875000;-122.2289505005;
48417.2304687500;-122.3319396973;
48977.8867187500;-122.4476547241;
49545.0390625000;-122.5590667725;
50118.7031250000;-122.6444473267;
50699.0625000000;-122.7097396851;
51286.1445312500;-122.7724761963;
51880.0234375000;-122.8435516357;
52480.7187500000;-122.9292678833;
53088.4335937500;-123.0317687988;
53703.1835937500;-123.1441268921;
54325.0507812500;-123.2314987183;
54954.0585937500;-123.2086181641;
55590.4101562500;-122.9722747803;
56234.1328125000;-122.5611648560;
56885.3085937500;-122.1642837524;
57544.0234375000;-121.9658889771;
58210.3046875000;-122.0605926514;
58884.3632812500;-122.4265899658;
59566.2265625000;-123.0231170654;
60255.9882812500;-123.4836807251;
60953.6679687500;-123.7978439331;
61659.4960937500;-124.0211639404;
62373.4960937500;-124.2378463745;
63095.7617187500;-124.4536666870;
63826.3242187500;-124.6029586792;
64565.4140625000;-124.6372680664;
65313.0625000000;-124.5896453857;
66069.3671875000;-124.5472717285;
66834.3593750000;-124.6473236084;
67608.2890625000;-124.9163894653;
68391.1718750000;-125.1509017944;
69183.1250000000;-125.3839187622;
69984.1640625000;-125.5886535645;
70794.5625000000;-125.7456741333;
71614.3437500000;-125.8988189697;
72443.6171875000;-126.0259857178;
73282.4140625000;-126.1205368042;
74131.0078125000;-126.2306442261;
74989.4218750000;-126.4259185791;
75857.7812500000;-126.6334533691;
76736.1875000000;-126.7523727417;
77624.6875000000;-126.8519363403;
78523.5625000000;-126.8827362061;
79432.8437500000;-126.9037857056;
80352.6484375000;-127.0146026611;
81283.0234375000;-127.1988143921;
82224.2578125000;-127.3310852051;
83176.3906250000;-127.5044784546;
84139.5546875000;-127.6703796387;
85113.7734375000;-127.7835998535;
86099.3671875000;-127.8106307983;
87096.3671875000;-127.8835678101;
88104.9218750000;-128.0964660645;
89125.0546875000;-128.3018035889;
90157.1015625000;-128.3816680908;
91201.0937500000;-128.4418487549;
92257.1718750000;-128.5516662598;
93325.3828125000;-128.6906585693;
94406.0703125000;-128.9316101074;
95499.2656250000;-129.0911865234;
96605.1171875000;-129.1742706299;
97723.6718750000;-129.2044982910;
98855.2812500000;-129.2073669434;
100000.0000000000;-129.4737396240;
101157.9687500000;-129.5914764404;
102329.3515625000;-129.7118530273;
103514.1875000000;-129.8346862793;
104712.8515625000;-129.9622344971;
105925.3984375000;-130.0916442871;
107151.9843750000;-130.2263793945;
108392.6562500000;-130.3626708984;
109647.8125000000;-130.5009002686;
110917.5000000000;-130.6361999512;
112201.8984375000;-130.7671966553;
113501.0390625000;-130.8861846924;
114815.3437500000;-130.9862060547;
116144.8750000000;-131.0728759766;
117489.8046875000;-131.1331939697;
118850.1718750000;-131.1836242676;
120226.4218750000;-131.2291870117;
121618.6093750000;-131.2817382813;
123026.9218750000;-131.3532257080;
124451.3984375000;-131.4420623779;
125892.5156250000;-131.5571746826;
127350.3125000000;-131.6913299561;
128824.9921875000;-131.8249969482;
130316.6093750000;-131.9495086670;
131825.6406250000;-132.0283813477;
133352.1406250000;-132.0673370361;
134896.3281250000;-132.0893402100;
136458.3906250000;-132.1147460938;
138038.3906250000;-132.1999664307;
139636.8281250000;-132.3635711670;
141253.7812500000;-132.5809326172;
142889.4687500000;-132.8278045654;
144543.9218750000;-133.0706787109;
146217.7031250000;-133.2667541504;
147910.8593750000;-133.4162750244;
149623.6250000000;-133.5324249268;
151356.0625000000;-133.6250305176;
153108.7187500000;-133.7029266357;
154881.6875000000;-133.7725830078;
156675.1718750000;-133.8381042480;
158489.2500000000;-133.9046020508;
160324.5156250000;-133.9832611084;
162181.0312500000;-134.0860748291;
164059.0312500000;-134.2160034180;
165958.6093750000;-134.3625335693;
167880.3593750000;-134.5098724365;
169824.3750000000;-134.6512451172;
171790.8906250000;-134.7944335938;
173779.9843750000;-134.9481201172;
175792.3125000000;-135.0910034180;
177827.9375000000;-135.1611785889;
179887.1406250000;-135.1032562256;
181970.1875000000;-134.7371978760;
184077.1406250000;-134.1215667725;
186208.7031250000;-133.3938140869;
188364.9531250000;-133.4246063232;
190546.1562500000;-133.9810485840;
192752.4218750000;-134.7178344727;
194984.4375000000;-135.3659515381;
197242.3125000000;-135.7736663818;
199526.3125000000;-135.9792785645;
201836.5625000000;-136.0976104736;
204173.7656250000;-136.2102966309;
206538.0468750000;-136.4234008789;
208929.7031250000;-136.6559906006;
211348.8125000000;-136.7912750244;
213796.1718750000;-136.8965606689;
216271.8750000000;-136.9739532471;
218776.2343750000;-137.0615692139;
221309.3593750000;-137.1330871582;
223872.0625000000;-137.1754150391;
226464.4375000000;-137.2350311279;
229086.8281250000;-137.3916015625;
231739.3437500000;-137.5827789307;
234422.8125000000;-137.6939392090;
237137.3750000000;-137.8323822021;
239883.3593750000;-137.9681701660;
242661.1406250000;-138.0491485596;
245470.8125000000;-138.1179504395;
248313.2968750000;-138.1463775635;
251188.7031250000;-138.1910705566;
254097.3906250000;-138.2752990723;
257039.4843750000;-138.3934173584;
260015.9375000000;-138.5259246826;
263026.8437500000;-138.6841125488;
266072.6250000000;-138.8510131836;
269153.3750000000;-138.9477081299;
272270.0937500000;-138.9810791016;
275422.9062500000;-139.0480041504;
278612.2187500000;-139.1857604980;
281838.1562500000;-139.3226165771;
285101.7812500000;-139.3864288330;
288403.1875000000;-139.3747100830;
291742.8125000000;-139.3243560791;
295120.7812500000;-139.2411346436;
298538.1875000000;-139.1072692871;
301995.1875000000;-139.2543792725;
305492.2187500000;-139.2895050049;
309029.3750000000;-139.3537750244;
312607.8437500000;-139.4254302979;
316227.7812500000;-139.5096893311;
319889.5937500000;-139.6024017334;
323593.8125000000;-139.6996154785;
327340.5937500000;-139.8162841797;
331131.0937500000;-139.9440460205;
334965.5000000000;-140.0880584717;
338844.3125000000;-140.2436218262;
342767.6562500000;-140.3974304199;
346736.8125000000;-140.5376739502;
350751.9375000000;-140.6428222656;
354813.5312500000;-140.7216949463;
358921.7812500000;-140.7526702881;
363078.0000000000;-140.7545623779;
367282.3437500000;-140.7436370850;
371535.3750000000;-140.7293090820;
375837.2500000000;-140.7310485840;
380189.3437500000;-140.7438049316;
384591.8125000000;-140.7677612305;
389045.2812500000;-140.8097229004;
393549.8750000000;-140.8719177246;
398107.0937500000;-140.9475555420;
402717.0625000000;-141.0288391113;
407380.4062500000;-141.0384368896;
412097.3125000000;-140.9509582520;
416869.2812500000;-140.7701263428;
421696.5000000000;-140.5121612549;
426579.6250000000;-140.2351989746;
431519.3125000000;-140.0325775146;
436515.6875000000;-139.9369659424;
441570.4375000000;-139.9657745361;
446683.6875000000;-140.1225128174;
451856.1562500000;-140.3958282471;
457088.0312500000;-140.7706146240;
462380.9687500000;-141.2008666992;
467735.2187500000;-141.6571502686;
473151.4687500000;-142.1097106934;
478629.9062500000;-142.5216522217;
484172.3125000000;-142.8548278809;
489778.8750000000;-143.0866088867;
495450.3750000000;-143.2311248779;
501187.0000000000;-143.3403167725;
506990.6250000000;-143.4708862305;
512861.4375000000;-143.6442108154;
518800.2187500000;-143.8360595703;
524807.1875000000;-144.0021209717;
530884.3125000000;-144.1161041260;
537031.8125000000;-144.1575164795;
543250.5000000000;-144.1181945801;
549540.5625000000;-144.0066528320;
555904.1250000000;-143.8803253174;
562341.3125000000;-143.8260040283;
568853.0625000000;-143.8999938965;
575440.2500000000;-144.0897064209;
582103.0625000000;-144.3200836182;
588843.6250000000;-144.4673309326;
595662.2500000000;-144.1611328125;
602559.8750000000;-143.6513824463;
609536.6875000000;-143.1103515625;
616594.9375000000;-142.7553558350;
623734.9375000000;-142.7251434326;
630957.6250000000;-143.0345458984;
638263.2500000000;-143.8531341553;
645654.1250000000;-144.6144561768;
653130.6250000000;-144.9219665527;
660693.6875000000;-145.1177825928;
668343.6250000000;-145.2973480225;
676082.8750000000;-145.4444580078;
683911.6875000000;-145.5432891846;
691831.1875000000;-145.6256713867;
699841.6875000000;-145.6171264648;
707945.6250000000;-145.5784149170;
716143.4375000000;-144.8700103760;
724436.1875000000;-142.3390808105;
732824.1250000000;-139.7653656006;
741310.0625000000;-136.8567810059;
749894.1875000000;-135.8075408936;
758577.7500000000;-137.0254364014;
767361.8750000000;-140.1142883301;
776246.8750000000;-142.8112487793;
785235.6250000000;-145.6012725830;
794328.4375000000;-146.5805511475;
803526.5000000000;-146.7842864990;
812830.2500000000;-146.9278411865;
822242.5625000000;-146.9580841064;
831763.9375000000;-146.8874359131;
841395.5000000000;-146.8309631348;
851137.6875000000;-146.8385162354;
860993.6250000000;-146.8881988525;
870963.6875000000;-146.9241943359;
881049.2500000000;-146.9856719971;
891250.5625000000;-147.1083984375;
901571.0000000000;-147.2718048096;
912010.9375000000;-147.3994293213;
922571.7500000000;-147.2996826172;
933253.8750000000;-147.1848754883;
944060.6875000000;-147.3024139404;
954992.6250000000;-147.6431121826;
966051.1875000000;-147.7399902344;
977236.6875000000;-147.7028961182;
988552.8125000000;-147.7456359863;
1000000.0000000000;-147.8747100830;
