Window;1;Noise Spectrum;
Trace;1;
1.0000000000;-78.2805023193;
1.0115795135;-78.1733703613;
1.0232930183;-78.0804138184;
1.0351421833;-78.0008468628;
1.0471285582;-77.9212799072;
1.0592536926;-77.8417053223;
1.0715192556;-77.7621383667;
1.0839269161;-77.7091445923;
1.0964782238;-77.7365341187;
1.1091748476;-77.7639160156;
1.1220184565;-77.7913055420;
1.1350108385;-77.8186874390;
1.1481536627;-77.8833923340;
1.1614485979;-78.0422973633;
1.1748975515;-78.2012023926;
1.1885021925;-78.3601074219;
1.2022644281;-78.5190048218;
1.2161860466;-78.7546157837;
1.2302688360;-79.0440826416;
1.2445145845;-79.3335494995;
1.2589254379;-79.6230163574;
1.2735030651;-79.9260635376;
1.2882494926;-80.3182373047;
1.3031667471;-80.7104187012;
1.3182567358;-81.1026000977;
1.3335214853;-81.4947814941;
1.3489629030;-81.9258880615;
1.3645831347;-82.3615951538;
1.3803843260;-82.7973022461;
1.3963683844;-83.2330017090;
1.4125375748;-83.6390609741;
1.4288939238;-84.0400390625;
1.4454398155;-84.4410247803;
1.4621771574;-84.8420028687;
1.4791084528;-85.1111679077;
1.4962356091;-85.3793563843;
1.5135612488;-85.6475524902;
1.5310875177;-85.8395385742;
1.5488165617;-85.8502883911;
1.5667510033;-85.8610305786;
1.5848932266;-85.8717803955;
1.6032453775;-85.6811523438;
1.6218100786;-85.4234848022;
1.6405898333;-85.1658096313;
1.6595869064;-84.8784866333;
1.6788040400;-84.5344772339;
1.6982436180;-84.1904830933;
1.7179083824;-83.8525161743;
1.7378008366;-83.6007537842;
1.7579236031;-83.3489913940;
1.7782794237;-83.0972290039;
1.7988709211;-82.9957046509;
1.8197008371;-82.9096603394;
1.8407719135;-82.8236160278;
1.8620871305;-82.8859558105;
1.8836491108;-82.9727249146;
1.9054607153;-83.0594940186;
1.9275249243;-83.2867050171;
1.9498445988;-83.5271224976;
1.9724227190;-83.7759094238;
1.9952623844;-84.1432876587;
2.0183663368;-84.5106506348;
2.0417380333;-84.9115982056;
2.0653800964;-85.3878784180;
2.0892961025;-85.8641662598;
2.1134889126;-86.4240570068;
2.1379621029;-87.0319137573;
2.1627185345;-87.6475143433;
2.1877615452;-88.4378204346;
2.2130947113;-89.2281188965;
2.2387211323;-90.0742111206;
2.2646441460;-90.9708404541;
2.2908678055;-91.8423156738;
2.3173947334;-92.4152221680;
2.3442287445;-92.9881286621;
2.3713736534;-93.1183319092;
2.3988327980;-93.0568847656;
2.4266099930;-92.9225769043;
2.4547088146;-92.6701431274;
2.4831330776;-92.4361038208;
2.5118863583;-92.3304977417;
2.5409727097;-92.2248840332;
2.5703957081;-92.1590194702;
2.6001594067;-92.0963134766;
2.6302678585;-91.8462829590;
2.6607251167;-91.5438690186;
2.6915347576;-91.0680313110;
2.7227013111;-90.5136718750;
2.7542285919;-89.9934463501;
2.7861211300;-89.4920272827;
2.8183827400;-89.1927566528;
2.8510184288;-89.0034255981;
2.8840315342;-89.1199188232;
2.9174270630;-89.3701553345;
2.9512093067;-90.0110702515;
2.9853825569;-90.7579345703;
3.0199515820;-91.9062118530;
3.0549211502;-93.0785598755;
3.0902955532;-94.1347885132;
3.1260793209;-94.8708267212;
3.1622776985;-94.8562622070;
3.1988949776;-94.4961013794;
3.2359364033;-93.8465270996;
3.2734067440;-93.5044326782;
3.3113110065;-93.3456115723;
3.3496541977;-93.9246444702;
3.3884413242;-95.1200103760;
3.4276781082;-96.9749679565;
3.4673686028;-101.6142272949;
3.5075187683;-105.1141586304;
3.5481340885;-104.2073211670;
3.5892193317;-103.6193923950;
3.6307804585;-102.9260940552;
3.6728229523;-100.9943313599;
3.7153522968;-99.4373016357;
3.7583739758;-98.1683349609;
3.8018937111;-97.3387298584;
3.8459177017;-96.6699218750;
3.8904511929;-96.1350860596;
3.9355010986;-95.7810516357;
3.9810719490;-95.7746582031;
4.0271706581;-96.0640335083;
4.0738029480;-96.6806564331;
4.1209754944;-97.8041992188;
4.1686940193;-99.2137680054;
4.2169651985;-100.1274337769;
4.2657952309;-100.1112823486;
4.3151907921;-99.0420913696;
4.3651580811;-98.1243209839;
4.4157042503;-97.2242126465;
4.4668354988;-96.3627548218;
4.5185589790;-95.6589508057;
4.5708823204;-95.5422744751;
4.6238102913;-96.2366943359;
4.6773514748;-97.6993103027;
4.7315125465;-99.5101852417;
4.7863011360;-100.6603622437;
4.8417239189;-100.0726242065;
4.8977880478;-98.0754089355;
4.9545016289;-96.0073013306;
5.0118722916;-94.4119491577;
5.0699067116;-93.2897338867;
5.1286134720;-92.5881195068;
5.1880002022;-92.2644042969;
5.2480750084;-92.3207473755;
5.3088445663;-92.7909011841;
5.3703184128;-93.6838684082;
5.4325037003;-94.8571395874;
5.4954090118;-95.8277282715;
5.5590424538;-96.1778869629;
5.6234130859;-95.7224578857;
5.6885290146;-94.6066665649;
5.7543992996;-93.3188552856;
5.8210320473;-93.4745559692;
5.8884363174;-94.6373825073;
5.9566211700;-96.1072006226;
6.0255956650;-96.6879882813;
6.0953693390;-95.9074401855;
6.1659502983;-94.8868103027;
6.2373485565;-94.4084167480;
6.3095736504;-94.5416793823;
6.3826351166;-95.0857467651;
6.4565424919;-96.0074234009;
6.5313053131;-95.9941787720;
6.6069345474;-95.1699295044;
6.6834387779;-94.5933303833;
6.7608294487;-94.8632659912;
6.8391160965;-97.3405075073;
6.9183092117;-102.5029678345;
6.9984202385;-104.9359817505;
7.0794582367;-103.2523803711;
7.1614346504;-100.7510299683;
7.2443599701;-100.6730346680;
7.3282456398;-101.7467803955;
7.4131026268;-102.4671249390;
7.4989418983;-102.4063339233;
7.5857758522;-103.4561691284;
7.6736145020;-106.5730056763;
7.7624707222;-108.2817840576;
7.8523559570;-103.9328384399;
7.9432821274;-99.4586715698;
8.0352611542;-96.9252395630;
8.1283054352;-96.0889053345;
8.2224273682;-97.1092300415;
8.3176383972;-98.9960937500;
8.4139518738;-99.1768569946;
8.5113801956;-98.2118988037;
8.6099376678;-97.9461517334;
8.7096357346;-98.8040390015;
8.8104887009;-99.7590942383;
8.9125089645;-99.7724533081;
9.0157108307;-100.8109207153;
9.1201076508;-106.1904830933;
9.2257137299;-105.7596435547;
9.3325433731;-103.8842773438;
9.4406089783;-103.1478042603;
9.5499258041;-101.1743545532;
9.6605091095;-100.7374038696;
9.7723722458;-100.9713058472;
9.8855314255;-100.7475967407;
10.0000000000;-97.0626525879;
10.1157941818;-96.9610671997;
10.2329292297;-96.9285888672;
10.3514213562;-96.9543380737;
10.4712848663;-97.0207290649;
10.5925369263;-97.1065139771;
10.7151927948;-97.1936874390;
10.8392686844;-97.2770996094;
10.9647808075;-97.3711776733;
11.0917472839;-97.4635238647;
11.2201833725;-97.6496047974;
11.3501071930;-97.9223480225;
11.4815349579;-98.2792663574;
11.6144876480;-98.6908264160;
11.7489767075;-99.1036682129;
11.8850231171;-99.5676803589;
12.0226459503;-99.7767639160;
12.1618614197;-99.7394104004;
12.3026885986;-99.6065444946;
12.4451465607;-99.4171752930;
12.5892543793;-99.2090682983;
12.7350311279;-99.0181808472;
12.8824958801;-98.8768310547;
13.0316677094;-98.8145828247;
13.1825675964;-98.9083862305;
13.3352146149;-99.0536499023;
13.4896287918;-99.2397384644;
13.6458311081;-99.4585418701;
13.8038425446;-99.8604812622;
13.9636831284;-100.3609848022;
14.1253747940;-100.7490539551;
14.2889385223;-101.3464279175;
14.4543962479;-101.9055480957;
14.6217708588;-102.2248306274;
14.7910823822;-102.5235671997;
14.9623546600;-103.0077819824;
15.1356105804;-103.6044006348;
15.3108730316;-104.3031845093;
15.4881677628;-104.9573745728;
15.6675128937;-105.2203369141;
15.8489332199;-105.2262878418;
16.0324554443;-104.9104461670;
16.2181015015;-104.4017791748;
16.4058990479;-103.8759689331;
16.5958709717;-103.3724899292;
16.7880401611;-102.9098968506;
16.9824371338;-102.4890899658;
17.1790847778;-102.1163330078;
17.3780078888;-101.8041915894;
17.5792369843;-101.5131835938;
17.7827949524;-101.4606704712;
17.9887084961;-101.6840896606;
18.1970081329;-102.1472015381;
18.4077186584;-102.7412109375;
18.6208705902;-103.3113174438;
18.8364906311;-103.4374160767;
19.0546054840;-103.4198913574;
19.2752475739;-103.4545669556;
19.4984436035;-103.5613403320;
19.7242259979;-103.5339889526;
19.9526214600;-103.3328475952;
20.1836605072;-103.0388641357;
20.4173774719;-102.8618698120;
20.6538047791;-103.2404174805;
20.8929634094;-104.2037658691;
21.1348934174;-105.4183425903;
21.3796234131;-106.2453536987;
21.6271877289;-106.1581268311;
21.8776187897;-105.4477386475;
22.1309490204;-104.8123474121;
22.3872127533;-104.5542068481;
22.6464443207;-104.4511489868;
22.9086780548;-104.1290588379;
23.1739463806;-103.6748657227;
23.4422893524;-103.4783935547;
23.7137374878;-103.6597518921;
23.9883289337;-104.0769882202;
24.2660999298;-104.5488510132;
24.5470886230;-104.8413772583;
24.8313293457;-104.5318450928;
25.1188621521;-104.0294113159;
25.4097251892;-103.7421112061;
25.7039566040;-103.8218460083;
26.0015926361;-103.9537277222;
26.3026771545;-103.8432998657;
26.6072483063;-103.6114044189;
26.9153442383;-103.5661163330;
27.2270088196;-104.0338439941;
27.5422897339;-104.6295471191;
27.8612155914;-104.4937133789;
28.1838321686;-104.0579986572;
28.5101852417;-103.4461517334;
28.8403167725;-102.4203948975;
29.1742725372;-102.0567398071;
29.5120944977;-102.7740402222;
29.8538284302;-104.7389984131;
30.1995182037;-104.8149566650;
30.5492115021;-105.1935577393;
30.9029541016;-105.4624786377;
31.2607936859;-105.5631332397;
31.6227760315;-105.5147552490;
31.9889507294;-105.2779769897;
32.3593635559;-104.9517059326;
32.7340698242;-104.6319732666;
33.1131095886;-104.3537139893;
33.4965438843;-104.1881332397;
33.8844146729;-104.1471176147;
34.2767753601;-104.2053756714;
34.6736831665;-104.3564147949;
35.0751838684;-104.5930709839;
35.4813346863;-104.9030609131;
35.8921890259;-105.2471160889;
36.3078002930;-105.6057128906;
36.7282333374;-105.9560623169;
37.1535263062;-106.2724456787;
37.5837440491;-106.5163040161;
38.0189437866;-106.6701278687;
38.4591827393;-106.7245712280;
38.9045181274;-106.6700286865;
39.3550109863;-106.5081863403;
39.8107185364;-106.2595825195;
40.2717056274;-105.9677734375;
40.7380294800;-105.6934967041;
41.2097511292;-105.4981918335;
41.6869392395;-105.4344177246;
42.1696510315;-105.5219039917;
42.6579513550;-105.7632141113;
43.1519050598;-106.1542282104;
43.6515808105;-106.6750946045;
44.1570434570;-107.2776412964;
44.6683578491;-107.9921722412;
45.1855926514;-108.5069503784;
45.7088165283;-108.9160385132;
46.2380981445;-109.2327346802;
46.7735099792;-109.4572448730;
47.3151206970;-109.5710906982;
47.8630027771;-109.5646133423;
48.4172286987;-109.4375305176;
48.9778900146;-109.1694030762;
49.5450248718;-108.7208328247;
50.1187286377;-107.7036819458;
50.6990776062;-106.6729202271;
51.2861442566;-106.2097244263;
51.8800086975;-106.0514144897;
52.4807510376;-106.1929702759;
53.0884475708;-106.5290145874;
53.7031822205;-106.9719924927;
54.3250350952;-107.0918350220;
54.9540901184;-107.0465698242;
55.5904273987;-107.0497436523;
56.2341308594;-107.3445892334;
56.8852920532;-108.3769302368;
57.5439910889;-109.2037277222;
58.2103195190;-107.7890853882;
58.8843612671;-107.8626785278;
59.5662117004;-107.9278488159;
60.2559547424;-108.0065536499;
60.9536857605;-108.0650100708;
61.6594963074;-108.1078262329;
62.3734779358;-108.5662002563;
63.0957260132;-109.1089782715;
63.8263397217;-108.0859756470;
64.5654144287;-107.4048156738;
65.3130645752;-107.2115249634;
66.0693511963;-107.4397888184;
66.8343963623;-108.0371093750;
67.6083068848;-108.7166213989;
68.3911743164;-109.2804183960;
69.1831054688;-109.7052764893;
69.9842071533;-109.8614120483;
70.7945785522;-109.8384857178;
71.6143417358;-109.7807159424;
72.4435958862;-109.7644195557;
73.2824554443;-109.7784042358;
74.1310272217;-109.7780838013;
74.9894180298;-109.6316757202;
75.8577575684;-109.3560485840;
76.7361450195;-109.1910247803;
77.6247100830;-109.1093826294;
78.5235595703;-109.1521530151;
79.4328155518;-109.5334091187;
80.3526077271;-110.0309371948;
81.2830429077;-110.4128417969;
82.2242584229;-110.4800415039;
83.1763687134;-110.3425903320;
84.1395034790;-110.2609863281;
85.1137924194;-110.1207046509;
86.0993652344;-109.9495315552;
87.0963668823;-110.0612030029;
88.1048965454;-110.5265502930;
89.1251068115;-111.1415481567;
90.1571197510;-111.5427093506;
91.2010955811;-111.5384368896;
92.2571487427;-111.5834045410;
93.3254394531;-111.8494262695;
94.4060897827;-111.8122024536;
95.4992599487;-111.2516250610;
96.6050872803;-110.6785507202;
97.7237243652;-110.6628646851;
98.8553085327;-110.9979705811;
100.0000000000;-111.8037872314;
101.1579742432;-111.9362792969;
102.3292999268;-112.0429534912;
103.5142440796;-112.1252441406;
104.7128524780;-112.1441726685;
105.9253921509;-112.1415710449;
107.1519241333;-112.0965347290;
108.3927154541;-112.0521850586;
109.6478118896;-112.0086669922;
110.9175033569;-111.9827728271;
112.2018356323;-111.9624786377;
113.5010986328;-111.9485626221;
114.8153457642;-111.9261093140;
116.1448745728;-111.8975677490;
117.4897384644;-111.8567276001;
118.8502349854;-111.8202896118;
120.2264251709;-111.7895431519;
121.6186141968;-111.7777023315;
123.0268554688;-111.7767486572;
124.4514694214;-111.7849197388;
125.8925170898;-111.8055038452;
127.3503112793;-111.8564147949;
128.8249206543;-111.9318923950;
130.3166809082;-112.0308685303;
131.8256378174;-112.1317291260;
133.3521423340;-112.1976318359;
134.8963165283;-112.2337722778;
136.4583129883;-112.2470169067;
138.0384674072;-112.2793807983;
139.6368255615;-112.3665542603;
141.2537841797;-112.4991149902;
142.8893890381;-112.6658325195;
144.5440063477;-112.8482666016;
146.2176971436;-113.0237121582;
147.9108581543;-113.1692886353;
149.6235504150;-113.2579879761;
151.3561553955;-113.2678070068;
153.1087188721;-113.1975784302;
154.8816833496;-113.0795898438;
156.6750793457;-112.9785079956;
158.4893341064;-112.9652786255;
160.3245086670;-113.0335235596;
162.1810302734;-113.1396713257;
164.0589447021;-113.2283706665;
165.9586944580;-113.2631072998;
167.8803710938;-113.2515106201;
169.8243713379;-113.2437133789;
171.7908020020;-113.2976303101;
173.7800903320;-113.4320068359;
175.7923126221;-113.6045074463;
177.8279418945;-113.7045898438;
179.8871459961;-113.8013687134;
181.9700775146;-113.8546142578;
184.0772399902;-113.9572906494;
186.2087097168;-114.2992477417;
188.3649444580;-114.6247253418;
190.5460662842;-114.6357574463;
192.7525329590;-114.5164642334;
194.9844360352;-114.4102172852;
197.2423095703;-114.4227600098;
199.5262145996;-114.5583648682;
201.8366699219;-114.7390975952;
204.1737670898;-114.8729858398;
206.5380401611;-114.8989944458;
208.9295806885;-114.7846298218;
211.3489227295;-114.6631546021;
213.7961730957;-114.5671386719;
216.2718658447;-114.5454483032;
218.7761230469;-114.7110977173;
221.3094787598;-115.0596313477;
223.8720703125;-115.3232269287;
226.4644470215;-115.4641113281;
229.0867156982;-115.2952499390;
231.7394714355;-115.0104217529;
234.4228210449;-114.9688034058;
237.1373748779;-115.2121124268;
239.8833618164;-115.5604553223;
242.6610107422;-115.6666107178;
245.4709472656;-115.5831222534;
248.3132934570;-115.4654464722;
251.1887054443;-115.3884582520;
254.0972595215;-115.2758789063;
257.0396423340;-115.2080078125;
260.0159301758;-115.2298812866;
263.0268554688;-115.3383636475;
266.0724792480;-115.5406723022;
269.1535339355;-115.7894973755;
272.2700805664;-115.9177017212;
275.4229125977;-115.8564529419;
278.6120605469;-115.7748413086;
281.8383178711;-115.7932662964;
285.1017761230;-115.8462448120;
288.4031677246;-115.8400497437;
291.7426452637;-115.9447631836;
295.1209411621;-116.2052230835;
298.5382080078;-116.3881759644;
301.9951782227;-116.1413497925;
305.4920349121;-116.1745986938;
309.0295410156;-116.1925582886;
312.6078491211;-116.2045593262;
316.2277526855;-116.1895599365;
319.8895874023;-116.1666946411;
323.5936584473;-116.1265640259;
327.3407592773;-116.0949935913;
331.1311035156;-116.0725479126;
334.9655151367;-116.0905532837;
338.8441467285;-116.1264495850;
342.7678527832;-116.2159881592;
346.7368164063;-116.3130645752;
350.7519226074;-116.4245300293;
354.8133544922;-116.5246353149;
358.9219970703;-116.6147460938;
363.0780029297;-116.6750030518;
367.2823486328;-116.7258682251;
371.5351867676;-116.7613830566;
375.8374328613;-116.7988281250;
380.1893310547;-116.8393249512;
384.5918273926;-116.8995971680;
389.0450744629;-116.9760437012;
393.5501098633;-117.0665969849;
398.1070861816;-117.1825256348;
402.7170410156;-117.3070983887;
407.3801879883;-117.4369125366;
412.0975341797;-117.5536727905;
416.8692626953;-117.6318969727;
421.6965026855;-117.6721420288;
426.5796203613;-117.6574783325;
431.5190734863;-117.6157379150;
436.5159301758;-117.5904693604;
441.5704345703;-117.5992355347;
446.6836853027;-117.6819305420;
451.8559265137;-117.8161010742;
457.0882873535;-117.9515838623;
462.3809814453;-118.0610122681;
467.7352294922;-118.1137771606;
473.1512145996;-118.1305923462;
478.6301574707;-118.1728744507;
484.1723022461;-118.2564010620;
489.7788696289;-118.3795623779;
495.4501037598;-118.5192184448;
501.1872863770;-118.6288299561;
506.9906311035;-118.6718826294;
512.8614501953;-118.6399383545;
518.7999267578;-118.5448303223;
524.8074951172;-118.4271392822;
530.8843383789;-118.3485107422;
537.0317993164;-118.3669128418;
543.2501831055;-118.4995346069;
549.5408935547;-118.6971435547;
555.9041137695;-118.8570175171;
562.3413085938;-118.9099349976;
568.8530883789;-118.8883132935;
575.4399414063;-118.8611984253;
582.1033325195;-118.8667602539;
588.8436279297;-118.8909683228;
595.6622924805;-118.8969955444;
602.5595703125;-118.8636627197;
609.5369873047;-118.8242874146;
616.5949707031;-118.8172836304;
623.7349243164;-118.8666076660;
630.9572753906;-118.9747467041;
638.2636108398;-119.1273727417;
645.6541137695;-119.3102493286;
653.1306152344;-119.5222167969;
660.6933593750;-119.7565460205;
668.3439941406;-120.0375976563;
676.0828857422;-120.1338043213;
683.9116821289;-120.0955810547;
691.8308105469;-120.0484542847;
699.8420410156;-120.0244522095;
707.9456176758;-120.0233230591;
716.1434326172;-120.0312347412;
724.4357910156;-120.0095062256;
732.8245239258;-119.9897766113;
741.3100585938;-120.0324325562;
749.8942260742;-120.2285614014;
758.5777587891;-120.3272933960;
767.3614501953;-120.2410964966;
776.2473144531;-120.1293106079;
785.2355957031;-120.1856079102;
794.3284301758;-120.3184432983;
803.5260620117;-120.5291137695;
812.8306884766;-120.5740280151;
822.2425537109;-120.4514541626;
831.7639160156;-120.2800674438;
841.3950195313;-120.2403411865;
851.1381835938;-120.2598190308;
860.9936523438;-120.2870941162;
870.9636840820;-120.3867874146;
881.0487670898;-120.5421295166;
891.2510375977;-120.5909729004;
901.5709838867;-120.4590454102;
912.0109252930;-120.3702392578;
922.5712280273;-120.5286865234;
933.2543334961;-120.8803329468;
944.0606689453;-121.1490097046;
954.9926147461;-121.0785064697;
966.0506591797;-120.9218368530;
977.2372436523;-120.8343734741;
988.5528564453;-120.8101654053;
1000.0000000000;-120.8463516235;
1011.5797119141;-120.8642883301;
1023.2929687500;-120.8962097168;
1035.1424560547;-120.9413375854;
1047.1285400391;-121.0073165894;
1059.2539062500;-121.0794448853;
1071.5192871094;-121.1577377319;
1083.9271240234;-121.2272338867;
1096.4781494141;-121.2861022949;
1109.1750488281;-121.3186492920;
1122.0183105469;-121.3413543701;
1135.0109863281;-121.3496856689;
1148.1534423828;-121.3627853394;
1161.4487304688;-121.3814392090;
1174.8973388672;-121.4209899902;
1188.5023193359;-121.4745559692;
1202.2642822266;-121.5378952026;
1216.1861572266;-121.6092453003;
1230.2685546875;-121.6788635254;
1244.5146484375;-121.7459411621;
1258.9251708984;-121.8076171875;
1273.5031738281;-121.8609848022;
1288.2492675781;-121.9037933350;
1303.1667480469;-121.9327468872;
1318.2563476563;-121.9282760620;
1333.5214843750;-121.8926773071;
1348.9632568359;-121.8345718384;
1364.5831298828;-121.7610855103;
1380.3846435547;-121.6948623657;
1396.3682861328;-121.6633224487;
1412.5378417969;-121.6720733643;
1428.8939208984;-121.7218322754;
1445.4400634766;-121.8053207397;
1462.1770019531;-121.8922882080;
1479.1086425781;-121.9231643677;
1496.2354736328;-121.8561630249;
1513.5615234375;-121.6773452759;
1531.0872802734;-121.4152069092;
1548.8167724609;-121.1481628418;
1566.7508544922;-120.9856338501;
1584.8933105469;-121.0338363647;
1603.2451171875;-121.2533569336;
1621.8101806641;-121.5539474487;
1640.5894775391;-121.8361892700;
1659.5870361328;-122.0451354980;
1678.8035888672;-122.1862716675;
1698.2437744141;-122.2933425903;
1717.9079589844;-122.3853378296;
1737.8009033203;-122.4553756714;
1757.9230957031;-122.4922790527;
1778.2794189453;-122.5018844604;
1798.8713378906;-122.5043106079;
1819.7008056641;-122.5191268921;
1840.7724609375;-122.5568084717;
1862.0870361328;-122.6443557739;
1883.6495361328;-122.7409439087;
1905.4605712891;-122.7919006348;
1927.5252685547;-122.8182373047;
1949.8444824219;-122.8247299194;
1972.4230957031;-122.8300628662;
1995.2620849609;-122.8462982178;
2018.3666992188;-122.8687744141;
2041.7376708984;-122.8888092041;
2065.3803710938;-122.9158630371;
2089.2958984375;-122.9376296997;
2113.4892578125;-122.9341964722;
2137.9616699219;-122.9176406860;
2162.7187500000;-122.9065628052;
2187.7612304688;-122.9477539063;
2213.0949707031;-123.0569839478;
2238.7207031250;-123.1453628540;
2264.6442871094;-123.2020797729;
2290.8671875000;-123.1916809082;
2317.3947753906;-123.1514968872;
2344.2282714844;-123.1594619751;
2371.3737792969;-123.2286529541;
2398.8334960938;-123.3096847534;
2426.6101074219;-123.3517150879;
2454.7094726563;-123.3965682983;
2483.1330566406;-123.4214477539;
2511.8869628906;-123.3905181885;
2540.9726562500;-123.3068923950;
2570.3962402344;-123.2210235596;
2600.1594238281;-123.1929397583;
2630.2685546875;-123.2451324463;
2660.7248535156;-123.3223342896;
2691.5351562500;-123.4011001587;
2722.7009277344;-123.4962081909;
2754.2290039063;-123.5755081177;
2786.1208496094;-123.5895614624;
2818.3833007813;-123.5557250977;
2851.0178222656;-123.5514678955;
2884.0317382813;-123.6461715698;
2917.4265136719;-123.8628005981;
2951.2094726563;-123.9845733643;
2985.3820800781;-123.9952774048;
3019.9519042969;-123.8054504395;
3054.9204101563;-123.8092498779;
3090.2954101563;-123.7884292603;
3126.0786132813;-123.7674713135;
3162.2775878906;-123.7458877563;
3198.8959960938;-123.7305679321;
3235.9365234375;-123.7290115356;
3273.4077148438;-123.7411880493;
3311.3110351563;-123.7679824829;
3349.6550292969;-123.8121337891;
3388.4414062500;-123.8639755249;
3427.6784667969;-123.9280242920;
3467.3681640625;-123.9927215576;
3507.5192871094;-124.0568923950;
3548.1335449219;-124.1156387329;
3589.2199707031;-124.1696166992;
3630.7800292969;-124.2094345093;
3672.8234863281;-124.2431335449;
3715.3518066406;-124.2646636963;
3758.3745117188;-124.2828674316;
3801.8933105469;-124.3003005981;
3845.9182128906;-124.3268814087;
3890.4506835938;-124.3592605591;
3935.5009765625;-124.3957824707;
3981.0708007813;-124.4227294922;
4027.1704101563;-124.4299926758;
4073.8017578125;-124.4176483154;
4120.9750976563;-124.3679046631;
4168.6928710938;-124.3047637939;
4216.9648437500;-124.2397308350;
4265.7963867188;-124.1888504028;
4315.1904296875;-124.1831970215;
4365.1591796875;-124.2143173218;
4415.7041015625;-124.2810745239;
4466.8369140625;-124.3793869019;
4518.5590820313;-124.4783935547;
4570.8828125000;-124.5653076172;
4623.8095703125;-124.6346588135;
4677.3520507813;-124.6836090088;
4731.5122070313;-124.7147369385;
4786.3017578125;-124.7374420166;
4841.7231445313;-124.7540359497;
4897.7890625000;-124.7647705078;
4954.5009765625;-124.7664642334;
5011.8730468750;-124.7441787720;
5069.9062500000;-124.6901245117;
5128.6142578125;-124.6201629639;
5187.9995117188;-124.5582275391;
5248.0747070313;-124.5254898071;
5308.8432617188;-124.5316543579;
5370.3183593750;-124.5727767944;
5432.5019531250;-124.6382446289;
5495.4086914063;-124.7162094116;
5559.0410156250;-124.7900848389;
5623.4130859375;-124.8408126831;
5688.5307617188;-124.8613281250;
5754.3994140625;-124.8583297729;
5821.0336914063;-124.8473281860;
5888.4365234375;-124.8427124023;
5956.6225585938;-124.8506164551;
6025.5957031250;-124.8661117554;
6095.3701171875;-124.8886718750;
6165.9497070313;-124.9199066162;
6237.3496093750;-124.9479522705;
6309.5727539063;-124.9531021118;
6382.6357421875;-124.9378204346;
6456.5415039063;-124.9362030029;
6531.3061523438;-124.9809188843;
6606.9335937500;-125.0681915283;
6683.4399414063;-125.1850433350;
6760.8286132813;-125.2019653320;
6839.1171875000;-125.1474914551;
6918.3081054688;-125.0875625610;
6998.4204101563;-125.0611190796;
7079.4560546875;-125.0768890381;
7161.4345703125;-125.1082534790;
7244.3579101563;-125.0744781494;
7328.2456054688;-125.0248641968;
7413.1005859375;-125.0041885376;
7498.9418945313;-125.0738677979;
7585.7778320313;-125.1651687622;
7673.6147460938;-125.1544570923;
7762.4731445313;-125.0383300781;
7852.3559570313;-124.9647903442;
7943.2841796875;-125.0064315796;
8035.2607421875;-125.1430892944;
8128.3066406250;-125.2378616333;
8222.4257812500;-125.2345199585;
8317.6396484375;-125.1659469604;
8413.9501953125;-125.0650711060;
8511.3818359375;-124.9813842773;
8609.9365234375;-125.0096359253;
8709.6367187500;-125.1190948486;
8810.4873046875;-125.1323242188;
8912.5107421875;-125.1079711914;
9015.7099609375;-125.1347732544;
9120.1093750000;-125.0924911499;
9225.7128906250;-125.0339355469;
9332.5439453125;-125.0834884644;
9440.6064453125;-125.1547393799;
9549.9267578125;-125.1257324219;
9660.5068359375;-125.0985946655;
9772.3720703125;-125.1518173218;
9885.5283203125;-125.2186203003;
10000.0000000000;-125.0421142578;
10115.7968750000;-125.0642929077;
10232.9355468750;-125.0863494873;
10351.4189453125;-125.1082839966;
10471.2851562500;-125.1172409058;
10592.5400390625;-125.1198196411;
10715.1982421875;-125.0974273682;
10839.2656250000;-125.0647277832;
10964.7812500000;-125.0195846558;
11091.7500000000;-124.9738693237;
11220.1894531250;-124.9336090088;
11350.1035156250;-124.9114303589;
11481.5351562500;-124.9121475220;
11614.4873046875;-124.9272994995;
11748.9804687500;-124.9632186890;
11885.0166015625;-124.9986953735;
12022.6425781250;-125.0306625366;
12161.8613281250;-125.0422592163;
12302.6923828125;-125.0329284668;
12445.1396484375;-125.0081176758;
12589.2509765625;-124.9659729004;
12735.0312500000;-124.9146499634;
12882.4990234375;-124.8597183228;
13031.6611328125;-124.8025665283;
13182.5634765625;-124.7451477051;
13335.2138671875;-124.6924819946;
13489.6328125000;-124.6489181519;
13645.8388671875;-124.6186676025;
13803.8388671875;-124.6112442017;
13963.6826171875;-124.6160812378;
14125.3789062500;-124.6193313599;
14288.9462890625;-124.6113052368;
14454.3925781250;-124.5837783813;
14621.7705078125;-124.5351409912;
14791.0869140625;-124.4792709351;
14962.3632812500;-124.4192504883;
15135.6064453125;-124.3509826660;
15310.8730468750;-124.2679824829;
15488.1679687500;-124.1667404175;
15667.5166015625;-124.0551986694;
15848.9248046875;-123.9614791870;
16032.4511718750;-123.9079666138;
16218.1025390625;-123.8959121704;
16405.9042968750;-123.9076385498;
16595.8613281250;-123.9173126221;
16788.0371093750;-123.9070739746;
16982.4375000000;-123.8767166138;
17179.0898437500;-123.8396072388;
17378.0000000000;-123.8095474243;
17579.2324218750;-123.7907714844;
17782.7949218750;-123.7829513550;
17988.7148437500;-123.7662887573;
18197.0175781250;-123.7283554077;
18407.7148437500;-123.6567306519;
18620.8710937500;-123.5028686523;
18836.4941406250;-123.3597335815;
19054.6171875000;-123.2955169678;
19275.2421875000;-123.2576675415;
19498.4433593750;-123.2470855713;
19724.2304687500;-123.2613372803;
19952.6328125000;-123.2840881348;
20183.6562500000;-123.2907180786;
20417.3769531250;-123.2696990967;
20653.8046875000;-123.2056579590;
20892.9687500000;-123.1206970215;
21134.8808593750;-123.0344772339;
21379.6171875000;-122.9202194214;
21627.1875000000;-122.7916946411;
21877.6230468750;-122.6354446411;
22130.9355468750;-122.5858612061;
22387.2070312500;-122.6476516724;
22646.4433593750;-122.7556991577;
22908.6835937500;-122.8549041748;
23173.9335937500;-122.7685852051;
23442.2812500000;-122.6031417847;
23713.7363281250;-122.3451995850;
23988.3359375000;-122.1666030884;
24266.1132812500;-122.1140899658;
24547.0820312500;-122.1058425903;
24831.3300781250;-122.1096420288;
25118.8691406250;-122.0664520264;
25409.7402343750;-122.0145416260;
25703.9492187500;-122.0179824829;
26001.5937500000;-122.0608444214;
26302.6835937500;-122.0946044922;
26607.2617187500;-122.0960235596;
26915.3378906250;-122.0767898560;
27227.0097656250;-122.0523223877;
27542.2910156250;-122.0112457275;
27861.2226562500;-121.9436035156;
28183.8164062500;-121.8141937256;
28510.1777343750;-121.6762619019;
28840.3183593750;-121.6331787109;
29174.2812500000;-121.6240386963;
29512.0781250000;-121.5411758423;
29853.8203125000;-121.4530181885;
30199.5175781250;-121.3726119995;
30549.2207031250;-121.3908233643;
30902.9375000000;-121.4284667969;
31260.7851562500;-121.4648361206;
31622.7773437500;-121.4954452515;
31988.9589843750;-121.5178985596;
32359.3828125000;-121.5224227905;
32734.0585937500;-121.5109252930;
33113.1093750000;-121.4823532104;
33496.5507812500;-121.4305801392;
33884.4335937500;-121.3685379028;
34276.7656250000;-121.2770233154;
34673.6835937500;-121.1773605347;
35075.1953125000;-121.0555343628;
35481.3554687500;-120.9218826294;
35892.1796875000;-120.7778549194;
36307.8007812500;-120.6296463013;
36728.2343750000;-120.4882278442;
37153.5390625000;-120.3684997559;
37583.7226562500;-120.2947998047;
38018.9335937500;-120.2541885376;
38459.1796875000;-120.3031997681;
38904.5273437500;-120.4087371826;
39354.9882812500;-120.5623855591;
39810.7070312500;-120.7822265625;
40271.7070312500;-121.0077133179;
40738.0390625000;-121.2324371338;
41209.7304687500;-121.4118576050;
41686.9257812500;-121.5395050049;
42169.6484375000;-121.6265258789;
42657.9648437500;-121.6703796387;
43151.9296875000;-121.7022781372;
43651.5703125000;-121.7403106689;
44157.0429687500;-121.7888793945;
44668.3671875000;-121.8510971069;
45185.6171875000;-121.9150924683;
45708.8046875000;-121.9780044556;
46238.0976562500;-122.0406265259;
46773.5234375000;-122.1068801880;
47315.1484375000;-122.1868362427;
47862.9921875000;-122.2790222168;
48417.2304687500;-122.3797531128;
48977.8867187500;-122.4822692871;
49545.0390625000;-122.5766525269;
50118.7031250000;-122.6477508545;
50699.0625000000;-122.6955947876;
51286.1445312500;-122.7383804321;
51880.0234375000;-122.7983551025;
52480.7187500000;-122.8915786743;
53088.4335937500;-123.0188217163;
53703.1835937500;-123.1643524170;
54325.0507812500;-123.3083267212;
54954.0585937500;-123.4397888184;
55590.4101562500;-123.5484848022;
56234.1328125000;-123.6188583374;
56885.3085937500;-123.6536407471;
57544.0234375000;-123.6823043823;
58210.3046875000;-123.7411041260;
58884.3632812500;-123.8452453613;
59566.2265625000;-124.0051345825;
60255.9882812500;-124.1476440430;
60953.6679687500;-124.2845458984;
61659.4960937500;-124.4301300049;
62373.4960937500;-124.5936584473;
63095.7617187500;-124.7557144165;
63826.3242187500;-124.8834838867;
64565.4140625000;-124.9682998657;
65313.0625000000;-125.0374984741;
66069.3671875000;-125.1273117065;
66834.3593750000;-125.3171234131;
67608.2890625000;-125.5179367065;
68391.1718750000;-125.6444168091;
69183.1250000000;-125.7705917358;
69984.1640625000;-125.8884201050;
70794.5625000000;-125.9859771729;
71614.3437500000;-126.0979003906;
72443.6171875000;-126.1850051880;
73282.4140625000;-126.2304687500;
74131.0078125000;-126.2926177979;
74989.4218750000;-126.4655532837;
75857.7812500000;-126.6798171997;
76736.1875000000;-126.7935638428;
77624.6875000000;-126.8747253418;
78523.5625000000;-126.9145660400;
79432.8437500000;-126.9859161377;
80352.6484375000;-127.1980895996;
81283.0234375000;-127.4105682373;
82224.2578125000;-127.4965133667;
83176.3906250000;-127.5853805542;
84139.5546875000;-127.6903610229;
85113.7734375000;-127.8344802856;
86099.3671875000;-127.9720458984;
87096.3671875000;-128.0512542725;
88104.9218750000;-128.1241455078;
89125.0546875000;-128.2622833252;
90157.1015625000;-128.4429321289;
91201.0937500000;-128.6194000244;
92257.1718750000;-128.7388916016;
93325.3828125000;-128.8005065918;
94406.0703125000;-128.9470977783;
95499.2656250000;-129.1070404053;
96605.1171875000;-129.2781524658;
97723.6718750000;-129.4044036865;
98855.2812500000;-129.4468841553;
100000.0000000000;-129.4997253418;
101157.9687500000;-129.6168518066;
102329.3515625000;-129.7315216064;
103514.1875000000;-129.8438720703;
104712.8515625000;-129.9518280029;
105925.3984375000;-130.0583801270;
107151.9843750000;-130.1626892090;
108392.6562500000;-130.2676849365;
109647.8125000000;-130.3735504150;
110917.5000000000;-130.4836883545;
112201.8984375000;-130.5968017578;
113501.0390625000;-130.7167205811;
114815.3437500000;-130.8435821533;
116144.8750000000;-130.9745483398;
117489.8046875000;-131.1098937988;
118850.1718750000;-131.2430725098;
120226.4218750000;-131.3744659424;
121618.6093750000;-131.5028686523;
123026.9218750000;-131.6363830566;
124451.3984375000;-131.7755279541;
125892.5156250000;-131.9247283936;
127350.3125000000;-132.0724334717;
128824.9921875000;-132.2068328857;
130316.6093750000;-132.3215942383;
131825.6406250000;-132.3965301514;
133352.1406250000;-132.4523315430;
134896.3281250000;-132.5042724609;
136458.3906250000;-132.5648193359;
138038.3906250000;-132.6595611572;
139636.8281250000;-132.7899627686;
141253.7812500000;-132.9418945313;
142889.4687500000;-133.1020660400;
144543.9218750000;-133.2532196045;
146217.7031250000;-133.3724517822;
147910.8593750000;-133.4652099609;
149623.6250000000;-133.5470733643;
151356.0625000000;-133.6328277588;
153108.7187500000;-133.7364349365;
154881.6875000000;-133.8678741455;
156675.1718750000;-134.0303955078;
158489.2500000000;-134.2160797119;
160324.5156250000;-134.3965759277;
162181.0312500000;-134.5477142334;
164059.0312500000;-134.6598358154;
165958.6093750000;-134.7449035645;
167880.3593750000;-134.8299255371;
169824.3750000000;-134.9390869141;
171790.8906250000;-135.0745544434;
173779.9843750000;-135.2081298828;
175792.3125000000;-135.2841339111;
177827.9375000000;-135.2940979004;
179887.1406250000;-135.1170043945;
181970.1875000000;-134.6807403564;
184077.1406250000;-134.0709228516;
186208.7031250000;-133.4391632080;
188364.9531250000;-133.5913085938;
190546.1562500000;-134.2275085449;
192752.4218750000;-135.0218963623;
194984.4375000000;-135.6901702881;
197242.3125000000;-136.0888366699;
199526.3125000000;-136.2728424072;
201836.5625000000;-136.3530426025;
204173.7656250000;-136.3978271484;
206538.0468750000;-136.4707336426;
208929.7031250000;-136.5863800049;
211348.8125000000;-136.6894378662;
213796.1718750000;-136.7970581055;
216271.8750000000;-136.9028778076;
218776.2343750000;-137.0669555664;
221309.3593750000;-137.2489471436;
223872.0625000000;-137.3892974854;
226464.4375000000;-137.5505981445;
229086.8281250000;-137.7968444824;
231739.3437500000;-137.9628448486;
234422.8125000000;-137.9910736084;
237137.3750000000;-138.0115356445;
239883.3593750000;-138.1109008789;
242661.1406250000;-138.2346649170;
245470.8125000000;-138.4096221924;
248313.2968750000;-138.5029296875;
251188.7031250000;-138.5046386719;
254097.3906250000;-138.5103759766;
257039.4843750000;-138.5892944336;
260015.9375000000;-138.7193450928;
263026.8437500000;-138.8660278320;
266072.6250000000;-138.9816284180;
269153.3750000000;-139.0357513428;
272270.0937500000;-139.1065673828;
275422.9062500000;-139.2862854004;
278612.2187500000;-139.5229034424;
281838.1562500000;-139.7030029297;
285101.7812500000;-139.7965850830;
288403.1875000000;-139.8438568115;
291742.8125000000;-139.9558715820;
295120.7812500000;-140.0846862793;
298538.1875000000;-140.2113037109;
301995.1875000000;-140.3239593506;
305492.2187500000;-140.4481964111;
309029.3750000000;-140.5619049072;
312607.8437500000;-140.6679992676;
316227.7812500000;-140.7611083984;
319889.5937500000;-140.8385925293;
323593.8125000000;-140.9084472656;
327340.5937500000;-140.9649200439;
331131.0937500000;-141.0226593018;
334965.5000000000;-141.0822601318;
338844.3125000000;-141.1534729004;
342767.6562500000;-141.2286987305;
346736.8125000000;-141.3079376221;
350751.9375000000;-141.3714141846;
354813.5312500000;-141.4197540283;
358921.7812500000;-141.4329681396;
363078.0000000000;-141.4191131592;
367282.3437500000;-141.3900146484;
371535.3750000000;-141.3480834961;
375837.2500000000;-141.3025512695;
380189.3437500000;-141.2606811523;
384591.8125000000;-141.2262268066;
389045.2812500000;-141.2441558838;
393549.8750000000;-141.3304443359;
398107.0937500000;-141.4898376465;
402717.0625000000;-141.7326354980;
407380.4062500000;-142.0453186035;
412097.3125000000;-142.3550872803;
416869.2812500000;-142.6400451660;
421696.5000000000;-142.8817901611;
426579.6250000000;-143.0709533691;
431519.3125000000;-143.2313079834;
436515.6875000000;-143.3784179688;
441570.4375000000;-143.5160980225;
446683.6875000000;-143.6443634033;
451856.1562500000;-143.7604064941;
457088.0312500000;-143.8610687256;
462380.9687500000;-143.9501342773;
467735.2187500000;-144.0270690918;
473151.4687500000;-144.0882110596;
478629.9062500000;-144.1331176758;
484172.3125000000;-144.1708374023;
489778.8750000000;-144.2213897705;
495450.3750000000;-144.3061828613;
501187.0000000000;-144.4305267334;
506990.6250000000;-144.5746002197;
512861.4375000000;-144.7055053711;
518800.2187500000;-144.7996063232;
524807.1875000000;-144.8510589600;
530884.3125000000;-144.8611907959;
537031.8125000000;-144.8146362305;
543250.5000000000;-144.6907958984;
549540.5625000000;-144.5058288574;
555904.1250000000;-144.3497161865;
562341.3125000000;-144.3443908691;
568853.0625000000;-144.5564575195;
575440.2500000000;-144.9460601807;
582103.0625000000;-145.3876495361;
588843.6250000000;-145.8724212646;
595662.2500000000;-146.1266174316;
602559.8750000000;-146.1841430664;
609536.6875000000;-146.1922912598;
616594.9375000000;-146.1788177490;
623734.9375000000;-146.1767120361;
630957.6250000000;-146.2129669189;
638263.2500000000;-146.3526153564;
645654.1250000000;-146.5213012695;
653130.6250000000;-146.5946350098;
660693.6875000000;-146.6221160889;
668343.6250000000;-146.6494598389;
676082.8750000000;-146.7327880859;
683911.6875000000;-146.8121490479;
691831.1875000000;-146.9073638916;
699841.6875000000;-146.9908905029;
707945.6250000000;-147.0046691895;
716143.4375000000;-145.7155151367;
724436.1875000000;-142.0226287842;
732824.1250000000;-138.9716491699;
741310.0625000000;-135.8921661377;
749894.1875000000;-134.9057159424;
758577.7500000000;-136.3385314941;
767361.8750000000;-139.8742523193;
776246.8750000000;-143.0695648193;
785235.6250000000;-146.5565338135;
794328.4375000000;-147.7745056152;
803526.5000000000;-147.9738616943;
812830.2500000000;-148.0778656006;
822242.5625000000;-148.0990295410;
831763.9375000000;-148.1824798584;
841395.5000000000;-148.3617858887;
851137.6875000000;-148.5345916748;
860993.6250000000;-148.6124877930;
870963.6875000000;-148.6257629395;
881049.2500000000;-148.6588897705;
891250.5625000000;-148.7277679443;
901571.0000000000;-148.8581390381;
912010.9375000000;-148.9575653076;
922571.7500000000;-148.6607360840;
933253.8750000000;-148.3530426025;
944060.6875000000;-148.4463348389;
954992.6250000000;-149.0478515625;
966051.1875000000;-149.4568634033;
977236.6875000000;-149.5121154785;
988552.8125000000;-149.5605163574;
1000000.0000000000;-149.6619720459;
