Window;1;Noise Spectrum;
Trace;1;
1.0000000000;-57.8499603271;
1.0115795135;-58.0483131409;
1.0232930183;-58.3012695312;
1.0351421833;-58.6058082581;
1.0471285582;-58.9103469849;
1.0592536926;-59.2148857117;
1.0715192556;-59.5194244385;
1.0839269161;-59.8165855408;
1.0964782238;-60.0914077759;
1.1091748476;-60.3662300110;
1.1220184565;-60.6410484314;
1.1350108385;-60.9158706665;
1.1481536627;-61.1049118042;
1.1614485979;-61.0774116516;
1.1748975515;-61.0499114990;
1.1885021925;-61.0224075317;
1.2022644281;-60.9949073792;
1.2161860466;-60.8046569824;
1.2302688360;-60.5001411438;
1.2445145845;-60.1956291199;
1.2589254379;-59.8911132812;
1.2735030651;-59.5775375366;
1.2882494926;-59.2045097351;
1.3031667471;-58.8314781189;
1.3182567358;-58.4584426880;
1.3335214853;-58.0854110718;
1.3489629030;-57.7346878052;
1.3645831347;-57.3865966797;
1.3803843260;-57.0385093689;
1.3963683844;-56.6904182434;
1.4125375748;-56.4286117554;
1.4288939238;-56.1815910339;
1.4454398155;-55.9345664978;
1.4621771574;-55.6875457764;
1.4791084528;-55.6311950684;
1.4962356091;-55.5762519836;
1.5135612488;-55.5213088989;
1.5310875177;-55.5531005859;
1.5488165617;-55.7911872864;
1.5667510033;-56.0292778015;
1.5848932266;-56.2673645020;
1.6032453775;-56.8422279358;
1.6218100786;-57.5292129517;
1.6405898333;-58.2162017822;
1.6595869064;-59.2278137207;
1.6788040400;-60.8596763611;
1.6982436180;-62.4915313721;
1.7179083824;-64.0481414795;
1.7378008366;-64.5308151245;
1.7579236031;-65.0134963989;
1.7782794237;-65.4961700439;
1.7988709211;-64.9355545044;
1.8197008371;-64.2675094604;
1.8407719135;-63.5994567871;
1.8620871305;-63.5642852783;
1.8836491108;-63.6333084106;
1.9054607153;-63.7023277283;
1.9275249243;-63.7806358337;
1.9498445988;-63.8598175049;
1.9724227190;-63.9262275696;
1.9952623844;-63.8115692139;
2.0183663368;-63.6969146729;
2.0417380333;-63.5592269897;
2.0653800964;-63.3698425293;
2.0892961025;-63.1804542542;
2.1134889126;-63.0611953735;
2.1379621029;-62.9821624756;
2.1627185345;-62.9120063782;
2.1877615452;-63.0420150757;
2.2130947113;-63.1720237732;
2.2387211323;-63.3158111572;
2.2646441460;-63.4720840454;
2.2908678055;-63.6122131348;
2.3173947334;-63.5608406067;
2.3442287445;-63.5094718933;
2.3713736534;-63.5563583374;
2.3988327980;-63.6457862854;
2.4266099930;-63.9238243103;
2.4547088146;-64.5076293945;
2.4831330776;-65.1884613037;
2.5118863583;-66.5465621948;
2.5409727097;-67.9046707153;
2.5703957081;-70.2485427856;
2.6001594067;-72.6709136963;
2.6302678585;-71.7517318726;
2.6607251167;-69.8980407715;
2.6915347576;-68.5783462524;
2.7227013111;-67.5003509521;
2.7542285919;-66.8405303955;
2.7861211300;-66.4113082886;
2.8183827400;-66.3030090332;
2.8510184288;-66.3692703247;
2.8840315342;-66.6941223145;
2.9174270630;-67.1320648193;
2.9512093067;-67.5270538330;
2.9853825569;-67.9103927612;
3.0199515820;-68.2889175415;
3.0549211502;-68.7448730469;
3.0902955532;-69.9882049561;
3.1260793209;-72.0666961670;
3.1622776985;-76.1031036377;
3.1988949776;-76.4779891968;
3.2359364033;-73.7865447998;
3.2734067440;-72.0102005005;
3.3113110065;-70.4036407471;
3.3496541977;-68.6377792358;
3.3884413242;-66.8384094238;
3.4276781082;-65.0031814575;
3.4673686028;-63.6297149658;
3.5075187683;-62.5075263977;
3.5481340885;-61.8712043762;
3.5892193317;-61.6744079590;
3.6307804585;-61.7561759949;
3.6728229523;-62.3031730652;
3.7153522968;-63.1246643066;
3.7583739758;-64.0934906006;
3.8018937111;-65.0685195923;
3.8459177017;-65.5694046021;
3.8904511929;-65.7256240845;
3.9355010986;-65.4833297729;
3.9810719490;-65.3177871704;
4.0271706581;-65.1872634888;
4.0738029480;-65.0442123413;
4.1209754944;-64.5684127808;
4.1686940193;-64.1266098022;
4.2169651985;-63.9537239075;
4.2657952309;-64.2305145264;
4.3151907921;-65.2684326172;
4.3651580811;-67.3235778809;
4.4157042503;-70.7877502441;
4.4668354988;-74.0697631836;
4.5185589790;-74.8599014282;
4.5708823204;-74.1982192993;
4.6238102913;-73.4296569824;
4.6773514748;-72.8621215820;
4.7315125465;-72.8907241821;
4.7863011360;-73.6015167236;
4.8417239189;-74.6381149292;
4.8977880478;-75.4748535156;
4.9545016289;-75.5402450562;
5.0118722916;-75.8261795044;
5.0699067116;-75.1884155273;
5.1286134720;-73.4871597290;
5.1880002022;-72.0978775024;
5.2480750084;-71.4770050049;
5.3088445663;-71.2950820923;
5.3703184128;-71.3698272705;
5.4325037003;-71.7250442505;
5.4954090118;-72.2596054077;
5.5590424538;-72.5711059570;
5.6234130859;-72.4747085571;
5.6885290146;-71.3420715332;
5.7543992996;-69.6784667969;
5.8210320473;-70.2337646484;
5.8884363174;-73.9049606323;
5.9566211700;-73.6350021362;
6.0255956650;-69.5299987793;
6.0953693390;-67.5090713501;
6.1659502983;-66.3893356323;
6.2373485565;-66.1078186035;
6.3095736504;-66.7031707764;
6.3826351166;-68.1449508667;
6.4565424919;-70.7652282715;
6.5313053131;-70.7360229492;
6.6069345474;-69.0627746582;
6.6834387779;-67.5074691772;
6.7608294487;-66.6224594116;
6.8391160965;-67.4321136475;
6.9183092117;-71.3191909790;
6.9984202385;-77.6673049927;
7.0794582367;-80.0471267700;
7.1614346504;-76.3853988647;
7.2443599701;-75.7875595093;
7.3282456398;-76.0600128174;
7.4131026268;-75.4655151367;
7.4989418983;-73.9295425415;
7.5857758522;-73.1768798828;
7.6736145020;-73.5429458618;
7.7624707222;-74.2523269653;
7.8523559570;-73.6669692993;
7.9432821274;-71.6339874268;
8.0352611542;-71.1270446777;
8.1283054352;-73.0180206299;
8.2224273682;-75.3231887817;
8.3176383972;-77.1227111816;
8.4139518738;-78.7281570435;
8.5113801956;-78.2374496460;
8.6099376678;-74.7625961304;
8.7096357346;-73.0509414673;
8.8104887009;-71.5867996216;
8.9125089645;-70.4736938477;
9.0157108307;-71.0050354004;
9.1201076508;-75.1266326904;
9.2257137299;-76.6630325317;
9.3325433731;-73.6969909668;
9.4406089783;-72.7465057373;
9.5499258041;-75.3507995605;
9.6605091095;-80.3076858521;
9.7723722458;-79.4835739136;
9.8855314255;-76.1149444580;
10.0000000000;-80.8356628418;
10.1157941818;-81.3518600464;
10.2329292297;-81.2257308960;
10.3514213562;-80.6009216309;
10.4712848663;-79.8036804199;
10.5925369263;-79.0545196533;
10.7151927948;-78.4234161377;
10.8392686844;-77.8918991089;
10.9647808075;-77.4062957764;
11.0917472839;-77.0317916870;
11.2201833725;-76.5120315552;
11.3501071930;-75.9701919556;
11.4815349579;-75.4671707153;
11.6144876480;-75.0813751221;
11.7489767075;-74.8744430542;
11.8850231171;-74.9856872559;
12.0226459503;-75.4939651489;
12.1618614197;-75.9986419678;
12.3026885986;-76.4827117920;
12.4451465607;-76.7886047363;
12.5892543793;-76.8031539917;
12.7350311279;-76.5414123535;
12.8824958801;-76.1364288330;
13.0316677094;-75.6081771851;
13.1825675964;-75.3923187256;
13.3352146149;-75.5177230835;
13.4896287918;-75.8568038940;
13.6458311081;-76.3948059082;
13.8038425446;-77.4453735352;
13.9636831284;-78.5168075562;
14.1253747940;-79.0536880493;
14.2889385223;-79.7654190063;
14.4543962479;-80.6823348999;
14.6217708588;-81.4155273438;
14.7910823822;-82.0277938843;
14.9623546600;-82.1129074097;
15.1356105804;-81.3875656128;
15.3108730316;-80.2965240479;
15.4881677628;-79.3625411987;
15.6675128937;-78.8902587891;
15.8489332199;-78.3304901123;
16.0324554443;-77.7947158813;
16.2181015015;-77.2352828979;
16.4058990479;-76.8212203979;
16.5958709717;-76.8210754395;
16.7880401611;-77.2490386963;
16.9824371338;-78.0777664185;
17.1790847778;-78.9623947144;
17.3780078888;-79.4149398804;
17.5792369843;-79.3726043701;
17.7827949524;-79.2306823730;
17.9887084961;-79.3164062500;
18.1970081329;-79.5348129272;
18.4077186584;-79.6219787598;
18.6208705902;-79.3291320801;
18.8364906311;-78.9184951782;
19.0546054840;-78.4907531738;
19.2752475739;-78.0299682617;
19.4984436035;-77.7669296265;
19.7242259979;-77.7229461670;
19.9526214600;-77.8072814941;
20.1836605072;-77.9564514160;
20.4173774719;-78.0989303589;
20.6538047791;-78.0458908081;
20.8929634094;-77.8966598511;
21.1348934174;-77.7883758545;
21.3796234131;-77.6600036621;
21.6271877289;-77.4719314575;
21.8776187897;-77.3441238403;
22.1309490204;-77.3438720703;
22.3872127533;-77.4145126343;
22.6464443207;-77.5043563843;
22.9086780548;-77.6280593872;
23.1739463806;-77.8601379395;
23.4422893524;-78.1892318726;
23.7137374878;-78.3780975342;
23.9883289337;-78.2707138062;
24.2660999298;-78.1119689941;
24.5470886230;-78.2942123413;
24.8313293457;-78.7869567871;
25.1188621521;-79.1754608154;
25.4097251892;-79.6042327881;
25.7039566040;-80.7851333618;
26.0015926361;-82.4744262695;
26.3026771545;-82.5294036865;
26.6072483063;-81.4336395264;
26.9153442383;-81.0225906372;
27.2270088196;-81.3039627075;
27.5422897339;-81.7040939331;
27.8612155914;-81.7569808960;
28.1838321686;-81.4199218750;
28.5101852417;-80.7663650513;
28.8403167725;-80.1852798462;
29.1742725372;-80.0572357178;
29.5120944977;-80.3098449707;
29.8538284302;-81.0044784546;
30.1995182037;-80.7746810913;
30.5492115021;-80.7376785278;
30.9029541016;-80.7000045776;
31.2607936859;-80.6789855957;
31.6227760315;-80.6770172119;
31.9889507294;-80.7071914673;
32.3593635559;-80.7683792114;
32.7340698242;-80.8397598267;
33.1131095886;-80.9119644165;
33.4965438843;-80.9572982788;
33.8844146729;-80.9385757446;
34.2767753601;-80.8509445190;
34.6736831665;-80.6928787231;
35.0751838684;-80.4720687866;
35.4813346863;-80.2492218018;
35.8921890259;-80.0814666748;
36.3078002930;-79.9907150269;
36.7282333374;-79.9827346802;
37.1535263062;-80.0410842896;
37.5837440491;-80.1176147461;
38.0189437866;-80.1561431885;
38.4591827393;-80.1481628418;
38.9045181274;-80.1101303101;
39.3550109863;-80.0713729858;
39.8107185364;-80.0603332520;
40.2717056274;-80.0915145874;
40.7380294800;-80.1619338989;
41.2097511292;-80.2608947754;
41.6869392395;-80.3883743286;
42.1696510315;-80.5566482544;
42.6579513550;-80.7732849121;
43.1519050598;-81.0271911621;
43.6515808105;-81.2924346924;
44.1570434570;-81.5474472046;
44.6683578491;-81.8267745972;
45.1855926514;-82.0356903076;
45.7088165283;-82.2042617798;
46.2380981445;-82.3186569214;
46.7735099792;-82.3868484497;
47.3151206970;-82.4293899536;
47.8630027771;-82.4512023926;
48.4172286987;-82.4286804199;
48.9778900146;-82.3317413330;
49.5450248718;-82.1668853760;
50.1187286377;-81.9298400879;
50.6990776062;-81.8523941040;
51.2861442566;-81.9371414185;
51.8800086975;-82.0663681030;
52.4807510376;-82.1198654175;
53.0884475708;-81.9778900146;
53.7031822205;-81.4154663086;
54.3250350952;-80.8700637817;
54.9540901184;-80.7111053467;
55.5904273987;-80.7338562012;
56.2341308594;-80.8914947510;
56.8852920532;-80.8326263428;
57.5439910889;-80.5070419312;
58.2103195190;-79.6767501831;
58.8843612671;-78.8170471191;
59.5662117004;-78.4170837402;
60.2559547424;-78.3429107666;
60.9536857605;-78.8028564453;
61.6594963074;-79.3403396606;
62.3734779358;-80.1416549683;
63.0957260132;-80.8135757446;
63.8263397217;-81.3291320801;
64.5654144287;-81.6768035889;
65.3130645752;-81.6169052124;
66.0693511963;-81.3101882935;
66.8343963623;-81.0292129517;
67.6083068848;-80.9188919067;
68.3911743164;-80.9229049683;
69.1831054688;-80.8461303711;
69.9842071533;-80.5134582520;
70.7945785522;-79.9960174561;
71.6143417358;-79.4775695801;
72.4435958862;-79.1597290039;
73.2824554443;-79.1360321045;
74.1310272217;-79.0008697510;
74.9894180298;-78.6354598999;
75.8577575684;-78.4376144409;
76.7361450195;-78.4082717896;
77.6247100830;-78.3273544312;
78.5235595703;-78.1963882446;
79.4328155518;-78.2069778442;
80.3526077271;-78.2995147705;
81.2830429077;-78.3961257935;
82.2242584229;-78.4122314453;
83.1763687134;-78.2477264404;
84.1395034790;-78.0541381836;
85.1137924194;-78.2463073730;
86.0993652344;-78.8426895142;
87.0963668823;-78.6904525757;
88.1048965454;-77.5815505981;
89.1251068115;-76.8208465576;
90.1571197510;-76.7220764160;
91.2010955811;-76.8300704956;
92.2571487427;-76.6644744873;
93.3254394531;-76.1515197754;
94.4060897827;-75.8538055420;
95.4992599487;-76.2658309937;
96.6050872803;-76.9918823242;
97.7237243652;-76.8300323486;
98.8553085327;-76.6139678955;
100.0000000000;-76.4666900635;
101.1579742432;-76.4157943726;
102.3292999268;-76.3695755005;
103.5142440796;-76.3277664185;
104.7128524780;-76.3049468994;
105.9253921509;-76.2887878418;
107.1519241333;-76.2870635986;
108.3927154541;-76.2882919312;
109.6478118896;-76.2930755615;
110.9175033569;-76.3109359741;
112.2018356323;-76.3393630981;
113.5010986328;-76.3933334351;
114.8153457642;-76.4699249268;
116.1448745728;-76.5597305298;
117.4897384644;-76.6631622314;
118.8502349854;-76.7722930908;
120.2264251709;-76.8894958496;
121.6186141968;-77.0356216431;
123.0268554688;-77.2246322632;
124.4514694214;-77.4466476440;
125.8925170898;-77.7081146240;
127.3503112793;-77.9603118896;
128.8249206543;-78.1794204712;
130.3166809082;-78.3549957275;
131.8256378174;-78.4808197021;
133.3521423340;-78.6286926270;
134.8963165283;-78.8231201172;
136.4583129883;-79.0823974609;
138.0384674072;-79.4136962891;
139.6368255615;-79.7401123047;
141.2537841797;-80.0246810913;
142.8893890381;-80.2590484619;
144.5440063477;-80.4574432373;
146.2176971436;-80.6840896606;
147.9108581543;-80.9835433960;
149.6235504150;-81.3498306274;
151.3561553955;-81.7644042969;
153.1087188721;-82.1962127686;
154.8816833496;-82.6033401489;
156.6750793457;-82.9294815063;
158.4893341064;-83.0754241943;
160.3245086670;-83.0260620117;
162.1810302734;-82.8435211182;
164.0589447021;-82.6525268555;
165.9586944580;-82.5914916992;
167.8803710938;-82.7593154907;
169.8243713379;-83.1737518311;
171.7908020020;-83.7517929077;
173.7800903320;-84.3346405029;
175.7923126221;-84.7752304077;
177.8279418945;-84.9667205811;
179.8871459961;-85.1386184692;
181.9700775146;-85.2753829956;
184.0772399902;-85.4523162842;
186.2087097168;-85.7832107544;
188.3649444580;-86.0409622192;
190.5460662842;-86.0733489990;
192.7525329590;-86.0066452026;
194.9844360352;-85.8998641968;
197.2423095703;-85.8125076294;
199.5262145996;-85.7817306519;
201.8366699219;-85.8333587646;
204.1737670898;-85.9923706055;
206.5380401611;-86.4423980713;
208.9295806885;-87.0043869019;
211.3489227295;-87.3511810303;
213.7961730957;-87.6481246948;
216.2718658447;-87.8793182373;
218.7761230469;-87.9914550781;
221.3094787598;-87.9146423340;
223.8720703125;-87.9202423096;
226.4644470215;-88.0733947754;
229.0867156982;-88.5066375732;
231.7394714355;-88.9701156616;
234.4228210449;-89.2116088867;
237.1373748779;-89.4337539673;
239.8833618164;-89.5199890137;
242.6610107422;-89.4651870728;
245.4709472656;-89.1862182617;
248.3132934570;-88.8314743042;
251.1887054443;-88.6823577881;
254.0972595215;-88.8873596191;
257.0396423340;-89.4248428345;
260.0159301758;-89.9041595459;
263.0268554688;-90.2354736328;
266.0724792480;-90.7202377319;
269.1535339355;-91.1543045044;
272.2700805664;-91.0854873657;
275.4229125977;-90.5895080566;
278.6120605469;-90.2602462769;
281.8383178711;-90.3012924194;
285.1017761230;-90.4299316406;
288.4031677246;-90.4542465210;
291.7426452637;-90.5328674316;
295.1209411621;-90.7047271729;
298.5382080078;-90.8168411255;
301.9951782227;-90.9983901978;
305.4920349121;-91.1036682129;
309.0295410156;-91.1992950439;
312.6078491211;-91.2887191772;
316.2277526855;-91.3501510620;
319.8895874023;-91.4031448364;
323.5936584473;-91.4376220703;
327.3407592773;-91.4756774902;
331.1311035156;-91.5175552368;
334.9655151367;-91.5906066895;
338.8441467285;-91.6774444580;
342.7678527832;-91.8228378296;
346.7368164062;-91.9806823730;
350.7519226074;-92.1693878174;
354.8133544922;-92.3390350342;
358.9219970703;-92.4919052124;
363.0780029297;-92.5230255127;
367.2823486328;-92.4902954102;
371.5351867676;-92.3198776245;
375.8374328613;-92.0877380371;
380.1893310547;-91.8320693970;
384.5918273926;-91.6552581787;
389.0450744629;-91.6047439575;
393.5501098633;-91.6656799316;
398.1070861816;-91.9544143677;
402.7170410156;-92.3085250854;
407.3801879883;-92.7079544067;
412.0975341797;-93.0581665039;
416.8692626953;-93.3232345581;
421.6965026855;-93.5254440308;
426.5796203613;-93.6681365967;
431.5190734863;-93.7914199829;
436.5159301758;-93.9056091309;
441.5704345703;-94.0091400146;
446.6836853027;-94.0869827271;
451.8559265137;-94.1205368042;
457.0882873535;-94.1144638062;
462.3809814453;-94.0758285522;
467.7352294922;-94.0223464966;
473.1512145996;-94.0071487427;
478.6301574707;-94.0380401611;
484.1723022461;-94.1030883789;
489.7788696289;-94.1847457886;
495.4501037598;-94.2638778687;
501.1872863770;-94.3416137695;
506.9906311035;-94.4451065063;
512.8614501953;-94.5725784302;
518.7999267578;-94.6879959106;
524.8074951172;-94.7453536987;
530.8843383789;-94.7259140015;
537.0317993164;-94.6668701172;
543.2501831055;-94.6392898560;
549.5408935547;-94.6726608276;
555.9041137695;-94.7154159546;
562.3413085938;-94.7028274536;
568.8530883789;-94.6505889893;
575.4399414062;-94.6098937988;
582.1033325195;-94.6008529663;
588.8436279297;-94.6148681641;
595.6622924805;-94.6715240479;
602.5595703125;-94.8026657104;
609.5369873047;-95.0281295776;
616.5949707031;-95.3159255981;
623.7349243164;-95.5971832275;
630.9572753906;-95.7894439697;
638.2636108398;-95.8404541016;
645.6541137695;-95.7772827148;
653.1306152344;-95.6919326782;
660.6933593750;-95.6689987183;
668.3439941406;-95.7827301025;
676.0828857422;-95.9027862549;
683.9116821289;-95.9075622559;
691.8308105469;-95.8883285522;
699.8420410156;-95.8917694092;
707.9456176758;-95.9197311401;
716.1434326172;-95.9507217407;
724.4357910156;-95.9493865967;
732.8245239258;-95.9517364502;
741.3100585938;-95.9793472290;
749.8942260742;-96.0264816284;
758.5777587891;-96.0183792114;
767.3614501953;-95.9956436157;
776.2473144531;-95.9743499756;
785.2355957031;-95.9151763916;
794.3284301758;-95.8673019409;
803.5260620117;-95.8864212036;
812.8306884766;-95.9557723999;
822.2425537109;-96.0093841553;
831.7639160156;-96.1502380371;
841.3950195312;-96.3245849609;
851.1381835938;-96.4320068359;
860.9936523438;-96.3982772827;
870.9636840820;-96.2824707031;
881.0487670898;-96.3610839844;
891.2510375977;-96.6324768066;
901.5709838867;-96.7328643799;
912.0109252930;-96.5562591553;
922.5712280273;-96.3667984009;
933.2543334961;-96.3374862671;
944.0606689453;-96.6623001099;
954.9926147461;-97.0617904663;
966.0506591797;-97.2590332031;
977.2372436523;-97.2886886597;
988.5528564453;-97.2320022583;
1000.0000000000;-97.0503997803;
1011.5797119141;-97.0839767456;
1023.2929687500;-97.1173248291;
1035.1424560547;-97.1504516602;
1047.1285400391;-97.1878280640;
1059.2539062500;-97.2266616821;
1071.5192871094;-97.2685165405;
1083.9271240234;-97.3114089966;
1096.4781494141;-97.3555450439;
1109.1750488281;-97.4060440063;
1122.0183105469;-97.4614562988;
1135.0109863281;-97.5285949707;
1148.1534423828;-97.6060791016;
1161.4487304688;-97.6889953613;
1174.8973388672;-97.7740707397;
1188.5023193359;-97.8479614258;
1202.2642822266;-97.9104995728;
1216.1861572266;-97.9444351196;
1230.2685546875;-97.9542694092;
1244.5146484375;-97.9459838867;
1258.9251708984;-97.9168395996;
1273.5031738281;-97.8762130737;
1288.2492675781;-97.8346099854;
1303.1667480469;-97.7961654663;
1318.2563476562;-97.7758941650;
1333.5214843750;-97.7771911621;
1348.9632568359;-97.7985763550;
1364.5831298828;-97.8398513794;
1380.3846435547;-97.9002685547;
1396.3682861328;-97.9689025879;
1412.5378417969;-98.0427780151;
1428.8939208984;-98.1226654053;
1445.4400634766;-98.2114181519;
1462.1770019531;-98.3156661987;
1479.1086425781;-98.4273757935;
1496.2354736328;-98.5306091309;
1513.5615234375;-98.6082153320;
1531.0872802734;-98.6459197998;
1548.8167724609;-98.6383972168;
1566.7508544922;-98.5944213867;
1584.8933105469;-98.5346374512;
1603.2451171875;-98.4836196899;
1621.8101806641;-98.4572219849;
1640.5894775391;-98.4666442871;
1659.5870361328;-98.5149307251;
1678.8035888672;-98.5945205688;
1698.2437744141;-98.6887283325;
1717.9079589844;-98.7770538330;
1737.8009033203;-98.8413391113;
1757.9230957031;-98.8711166382;
1778.2794189453;-98.8756942749;
1798.8713378906;-98.8558425903;
1819.7008056641;-98.8277282715;
1840.7724609375;-98.8115921021;
1862.0870361328;-98.8476104736;
1883.6495361328;-98.9531097412;
1905.4605712891;-99.0482635498;
1927.5252685547;-99.1295852661;
1949.8444824219;-99.1758575439;
1972.4230957031;-99.1846008301;
1995.2620849609;-99.1660385132;
2018.3666992188;-99.1261444092;
2041.7376708984;-99.0660858154;
2065.3803710938;-98.9849929810;
2089.2958984375;-98.9969024658;
2113.4892578125;-99.0814056396;
2137.9616699219;-99.1817703247;
2162.7187500000;-99.2528839111;
2187.7612304688;-99.2741851807;
2213.0949707031;-99.2672042847;
2238.7207031250;-99.2837600708;
2264.6442871094;-99.3177413940;
2290.8671875000;-99.3778839111;
2317.3947753906;-99.4463195801;
2344.2282714844;-99.4920349121;
2371.3737792969;-99.5113754272;
2398.8334960938;-99.4860992432;
2426.6101074219;-99.4839401245;
2454.7094726562;-99.5378265381;
2483.1330566406;-99.6014480591;
2511.8869628906;-99.6344757080;
2540.9726562500;-99.6613769531;
2570.3962402344;-99.6806488037;
2600.1594238281;-99.6832962036;
2630.2685546875;-99.6630172729;
2660.7248535156;-99.6320571899;
2691.5351562500;-99.6289062500;
2722.7009277344;-99.6735839844;
2754.2290039062;-99.7670516968;
2786.1208496094;-99.8648071289;
2818.3833007812;-99.9217681885;
2851.0178222656;-99.9303512573;
2884.0317382812;-99.8717346191;
2917.4265136719;-99.7434387207;
2951.2094726562;-99.6520996094;
2985.3820800781;-99.6009445190;
3019.9519042969;-99.5845565796;
3054.9204101562;-99.5693511963;
3090.2954101562;-99.5671005249;
3126.0786132812;-99.5684280396;
3162.2775878906;-99.5858993530;
3198.8959960938;-99.6094131470;
3235.9365234375;-99.6461791992;
3273.4077148438;-99.6873779297;
3311.3110351562;-99.7332839966;
3349.6550292969;-99.7701644897;
3388.4414062500;-99.8030395508;
3427.6784667969;-99.8072433472;
3467.3681640625;-99.8053665161;
3507.5192871094;-99.7884902954;
3548.1335449219;-99.7787170410;
3589.2199707031;-99.7751846313;
3630.7800292969;-99.7972030640;
3672.8234863281;-99.8249740601;
3715.3518066406;-99.8591918945;
3758.3745117188;-99.8786010742;
3801.8933105469;-99.8879394531;
3845.9182128906;-99.8738555908;
3890.4506835938;-99.8580474854;
3935.5009765625;-99.8415145874;
3981.0708007812;-99.8385772705;
4027.1704101562;-99.8433761597;
4073.8017578125;-99.8549118042;
4120.9750976562;-99.8726348877;
4168.6928710938;-99.8907012939;
4216.9648437500;-99.9069671631;
4265.7963867188;-99.9174804688;
4315.1904296875;-99.9163665771;
4365.1591796875;-99.9089431763;
4415.7041015625;-99.8971633911;
4466.8369140625;-99.8865127563;
4518.5590820312;-99.8818817139;
4570.8828125000;-99.8824996948;
4623.8095703125;-99.8886642456;
4677.3520507812;-99.9010009766;
4731.5122070312;-99.9233016968;
4786.3017578125;-99.9554061890;
4841.7231445312;-99.9973983765;
4897.7890625000;-100.0461425781;
4954.5009765625;-100.0937576294;
5011.8730468750;-100.1203536987;
5069.9062500000;-100.1175994873;
5128.6142578125;-100.1027526855;
5187.9995117188;-100.0968093872;
5248.0747070312;-100.1115570068;
5308.8432617188;-100.1405715942;
5370.3183593750;-100.1615524292;
5432.5019531250;-100.1549072266;
5495.4086914062;-100.1251907349;
5559.0410156250;-100.0984802246;
5623.4130859375;-100.0902709961;
5688.5307617188;-100.0892028809;
5754.3994140625;-100.0832138062;
5821.0336914062;-100.0814285278;
5888.4365234375;-100.1048126221;
5956.6225585938;-100.1631546021;
6025.5957031250;-100.2037429810;
6095.3701171875;-100.1990280151;
6165.9497070312;-100.1563110352;
6237.3496093750;-100.1045837402;
6309.5727539062;-100.0629043579;
6382.6357421875;-100.0431060791;
6456.5415039062;-100.0608901978;
6531.3061523438;-100.1198348999;
6606.9335937500;-100.1910018921;
6683.4399414062;-100.2204284668;
6760.8286132812;-100.1504898071;
6839.1171875000;-100.0639953613;
6918.3081054688;-99.9725036621;
6998.4204101562;-99.9065246582;
7079.4560546875;-99.8964920044;
7161.4345703125;-99.9975814819;
7244.3579101562;-100.1484451294;
7328.2456054688;-100.2282104492;
7413.1005859375;-100.2740631104;
7498.9418945312;-100.2672882080;
7585.7778320312;-100.1689453125;
7673.6147460938;-100.0516967773;
7762.4731445312;-99.8555450439;
7852.3559570312;-99.6860885620;
7943.2841796875;-99.6267395020;
8035.2607421875;-99.6491622925;
8128.3066406250;-99.7350997925;
8222.4257812500;-99.7902145386;
8317.6396484375;-99.8373718262;
8413.9501953125;-99.8607406616;
8511.3818359375;-99.9088439941;
8609.9365234375;-99.9817352295;
8709.6367187500;-100.0113220215;
8810.4873046875;-99.9874572754;
8912.5107421875;-99.9266052246;
9015.7099609375;-99.8646316528;
9120.1093750000;-99.8085861206;
9225.7128906250;-99.7654724121;
9332.5439453125;-99.7536849976;
9440.6064453125;-99.7291870117;
9549.9267578125;-99.6980590820;
9660.5068359375;-99.7027969360;
9772.3720703125;-99.7119293213;
9885.5283203125;-99.7101974487;
10000.0000000000;-99.6699905396;
10115.7968750000;-99.6509628296;
10232.9355468750;-99.6277236938;
10351.4189453125;-99.6005020142;
10471.2851562500;-99.5614700317;
10592.5400390625;-99.5177841187;
10715.1982421875;-99.4609375000;
10839.2656250000;-99.4007339478;
10964.7812500000;-99.3364715576;
11091.7500000000;-99.2757110596;
11220.1894531250;-99.2190322876;
11350.1035156250;-99.1732482910;
11481.5351562500;-99.1383056641;
11614.4873046875;-99.1100082397;
11748.9804687500;-99.0901870728;
11885.0166015625;-99.0720520020;
12022.6425781250;-99.0550613403;
12161.8613281250;-99.0389022827;
12302.6923828125;-99.0242385864;
12445.1396484375;-99.0105743408;
12589.2509765625;-98.9978027344;
12735.0312500000;-98.9835815430;
12882.4990234375;-98.9682235718;
13031.6611328125;-98.9519882202;
13182.5634765625;-98.9378967285;
13335.2138671875;-98.9273681641;
13489.6328125000;-98.9173431396;
13645.8388671875;-98.9043197632;
13803.8388671875;-98.8746414185;
13963.6826171875;-98.8196792603;
14125.3789062500;-98.7440414429;
14288.9462890625;-98.6547088623;
14454.3925781250;-98.5639190674;
14621.7705078125;-98.4966430664;
14791.0869140625;-98.4640121460;
14962.3632812500;-98.4588699341;
15135.6064453125;-98.4671478271;
15310.8730468750;-98.4705276489;
15488.1679687500;-98.4527511597;
15667.5166015625;-98.4087066650;
15848.9248046875;-98.3487396240;
16032.4511718750;-98.2922973633;
16218.1025390625;-98.2475051880;
16405.9042968750;-98.2120590210;
16595.8613281250;-98.1747131348;
16788.0371093750;-98.1218109131;
16982.4375000000;-98.0473175049;
17179.0898437500;-97.9600296021;
17378.0000000000;-97.8810577393;
17579.2324218750;-97.8306655884;
17782.7949218750;-97.8137054443;
17988.7148437500;-97.8135223389;
18197.0175781250;-97.8169708252;
18407.7148437500;-97.8002166748;
18620.8710937500;-97.7135620117;
18836.4941406250;-97.5885314941;
19054.6171875000;-97.5106811523;
19275.2421875000;-97.4537048340;
19498.4433593750;-97.4158248901;
19724.2304687500;-97.3884658813;
19952.6328125000;-97.3642959595;
20183.6562500000;-97.3393096924;
20417.3769531250;-97.3121643066;
20653.8046875000;-97.2675552368;
20892.9687500000;-97.2104492188;
21134.8808593750;-97.1505966187;
21379.6171875000;-97.0732727051;
21627.1875000000;-96.9946899414;
21877.6230468750;-96.9241333008;
22130.9355468750;-96.9116592407;
22387.2070312500;-96.9163208008;
22646.4433593750;-96.9049682617;
22908.6835937500;-96.8457107544;
23173.9335937500;-96.7694015503;
23442.2812500000;-96.7258071899;
23713.7363281250;-96.6795120239;
23988.3359375000;-96.6415100098;
24266.1132812500;-96.6121139526;
24547.0820312500;-96.5500946045;
24831.3300781250;-96.4756851196;
25118.8691406250;-96.4310302734;
25409.7402343750;-96.4340057373;
25703.9492187500;-96.4308624268;
26001.5937500000;-96.3610687256;
26302.6835937500;-96.2368164062;
26607.2617187500;-96.1437301636;
26915.3378906250;-96.1280212402;
27227.0097656250;-96.1231689453;
27542.2910156250;-96.0639572144;
27861.2226562500;-95.9958572388;
28183.8164062500;-95.9825439453;
28510.1777343750;-96.0032882690;
28840.3183593750;-96.0479278564;
29174.2812500000;-96.1376724243;
29512.0781250000;-96.1639633179;
29853.8203125000;-96.0922088623;
30199.5175781250;-96.0459060669;
30549.2207031250;-96.0649795532;
30902.9375000000;-96.0996627808;
31260.7851562500;-96.1342315674;
31622.7773437500;-96.1682510376;
31988.9589843750;-96.1920318604;
32359.3828125000;-96.1933288574;
32734.0585937500;-96.1750869751;
33113.1093750000;-96.1360321045;
33496.5507812500;-96.0910720825;
33884.4335937500;-96.0434875488;
34276.7656250000;-96.0160751343;
34673.6835937500;-95.9930572510;
35075.1953125000;-95.9809875488;
35481.3554687500;-95.9650497437;
35892.1796875000;-95.9456939697;
36307.8007812500;-95.9267578125;
36728.2343750000;-95.9147567749;
37153.5390625000;-95.9229660034;
37583.7226562500;-95.9465713501;
38018.9335937500;-95.9755630493;
38459.1796875000;-95.9803009033;
38904.5273437500;-95.9419326782;
39354.9882812500;-95.8664474487;
39810.7070312500;-95.7318954468;
40271.7070312500;-95.6114730835;
40738.0390625000;-95.5136947632;
41209.7304687500;-95.5179672241;
41686.9257812500;-95.6092147827;
42169.6484375000;-95.7595825195;
42657.9648437500;-95.9557189941;
43151.9296875000;-96.1216964722;
43651.5703125000;-96.2475662231;
44157.0429687500;-96.3333435059;
44668.3671875000;-96.3949966431;
45185.6171875000;-96.4821853638;
45708.8046875000;-96.5997390747;
46238.0976562500;-96.7445220947;
46773.5234375000;-96.9026489258;
47315.1484375000;-97.0342254639;
47862.9921875000;-97.1305770874;
48417.2304687500;-97.1985015869;
48977.8867187500;-97.2518920898;
49545.0390625000;-97.3107986450;
50118.7031250000;-97.3960723877;
50699.0625000000;-97.5076217651;
51286.1445312500;-97.6361160278;
51880.0234375000;-97.7704391479;
52480.7187500000;-97.8931121826;
53088.4335937500;-97.9817962646;
53703.1835937500;-98.0179061890;
54325.0507812500;-98.0040435791;
54954.0585937500;-97.9775848389;
55590.4101562500;-98.0001220703;
56234.1328125000;-98.1105194092;
56885.3085937500;-98.2907104492;
57544.0234375000;-98.4903793335;
58210.3046875000;-98.6633148193;
58884.3632812500;-98.7957000732;
59566.2265625000;-98.9179382324;
60255.9882812500;-99.0158691406;
60953.6679687500;-99.1225814819;
61659.4960937500;-99.2310409546;
62373.4960937500;-99.3178863525;
63095.7617187500;-99.3676147461;
63826.3242187500;-99.3964614868;
64565.4140625000;-99.4425506592;
65313.0625000000;-99.5327911377;
66069.3671875000;-99.6664276123;
66834.3593750000;-99.9159927368;
67608.2890625000;-100.1878814697;
68391.1718750000;-100.3562164307;
69183.1250000000;-100.4963760376;
69984.1640625000;-100.6093673706;
70794.5625000000;-100.6923751831;
71614.3437500000;-100.7216262817;
72443.6171875000;-100.6975631714;
73282.4140625000;-100.7126617432;
74131.0078125000;-100.7681732178;
74989.4218750000;-100.9166412354;
75857.7812500000;-101.1179656982;
76736.1875000000;-101.2348861694;
77624.6875000000;-101.2476577759;
78523.5625000000;-101.1489257812;
79432.8437500000;-101.1358337402;
80352.6484375000;-101.2911071777;
81283.0234375000;-101.4953536987;
82224.2578125000;-101.5782928467;
83176.3906250000;-101.6741485596;
84139.5546875000;-101.7752914429;
85113.7734375000;-101.8481750488;
86099.3671875000;-102.0108337402;
87096.3671875000;-102.3517074585;
88104.9218750000;-102.6336822510;
89125.0546875000;-102.6640472412;
90157.1015625000;-102.6253204346;
91201.0937500000;-102.6231689453;
92257.1718750000;-102.6396865845;
93325.3828125000;-102.7205734253;
94406.0703125000;-102.9395904541;
95499.2656250000;-103.0639114380;
96605.1171875000;-103.0772247314;
97723.6718750000;-103.1094360352;
98855.2812500000;-103.2789306641;
100000.0000000000;-103.4352645874;
101157.9687500000;-103.5514068604;
102329.3515625000;-103.6718368530;
103514.1875000000;-103.7963027954;
104712.8515625000;-103.9302902222;
105925.3984375000;-104.0679473877;
107151.9843750000;-104.2156143188;
108392.6562500000;-104.3655242920;
109647.8125000000;-104.5181655884;
110917.5000000000;-104.6655197144;
112201.8984375000;-104.8069915771;
113501.0390625000;-104.9328994751;
114815.3437500000;-105.0380401611;
116144.8750000000;-105.1288909912;
117489.8046875000;-105.1931304932;
118850.1718750000;-105.2463989258;
120226.4218750000;-105.2930526733;
121618.6093750000;-105.3398590088;
123026.9218750000;-105.3946304321;
124451.3984375000;-105.4564056396;
125892.5156250000;-105.5282592773;
127350.3125000000;-105.6074981689;
128824.9921875000;-105.6900558472;
130316.6093750000;-105.7749938965;
131825.6406250000;-105.8611145020;
133352.1406250000;-105.9482574463;
134896.3281250000;-106.0374069214;
136458.3906250000;-106.1294250488;
138038.3906250000;-106.2257614136;
139636.8281250000;-106.3219223022;
141253.7812500000;-106.4147262573;
142889.4687500000;-106.5034179688;
144543.9218750000;-106.5891799927;
146217.7031250000;-106.6780700684;
147910.8593750000;-106.7708435059;
149623.6250000000;-106.8601455688;
151356.0625000000;-106.9365310669;
153108.7187500000;-106.9904022217;
154881.6875000000;-107.0144042969;
156675.1718750000;-107.0050659180;
158489.2500000000;-106.9618072510;
160324.5156250000;-106.9073944092;
162181.0312500000;-106.8765792847;
164059.0312500000;-106.9072341919;
165958.6093750000;-107.0175476074;
167880.3593750000;-107.1883163452;
169824.3750000000;-107.3678054810;
171790.8906250000;-107.5037384033;
173779.9843750000;-107.5789184570;
175792.3125000000;-107.6169509888;
177827.9375000000;-107.6350021362;
179887.1406250000;-107.6831512451;
181970.1875000000;-107.7517776489;
184077.1406250000;-107.8236389160;
186208.7031250000;-107.9015808105;
188364.9531250000;-107.9560317993;
190546.1562500000;-107.9913558960;
192752.4218750000;-108.0252761841;
194984.4375000000;-108.0508117676;
197242.3125000000;-108.0681076050;
199526.3125000000;-108.0882873535;
201836.5625000000;-108.1277542114;
204173.7656250000;-108.1964187622;
206538.0468750000;-108.3320999146;
208929.7031250000;-108.4499435425;
211348.8125000000;-108.5033493042;
213796.1718750000;-108.5499877930;
216271.8750000000;-108.5995864868;
218776.2343750000;-108.6737518311;
221309.3593750000;-108.7153930664;
223872.0625000000;-108.6997146606;
226464.4375000000;-108.6582260132;
229086.8281250000;-108.6082687378;
231739.3437500000;-108.6035842896;
234422.8125000000;-108.6147994995;
237137.3750000000;-108.6160354614;
239883.3593750000;-108.6103515625;
242661.1406250000;-108.6268234253;
245470.8125000000;-108.7204589844;
248313.2968750000;-108.8637542725;
251188.7031250000;-108.9624328613;
254097.3906250000;-108.9514465332;
257039.4843750000;-108.8216705322;
260015.9375000000;-108.6714859009;
263026.8437500000;-108.5675430298;
266072.6250000000;-108.5280609131;
269153.3750000000;-108.5352096558;
272270.0937500000;-108.5004425049;
275422.9062500000;-108.3818969727;
278612.2187500000;-108.2563781738;
281838.1562500000;-108.1710052490;
285101.7812500000;-108.1083908081;
288403.1875000000;-108.0495452881;
291742.8125000000;-107.9348526001;
295120.7812500000;-107.8003082275;
298538.1875000000;-107.6663131714;
301995.1875000000;-107.5334091187;
305492.2187500000;-107.4176177979;
309029.3750000000;-107.3004760742;
312607.8437500000;-107.1769638062;
316227.7812500000;-107.0426101685;
319889.5937500000;-106.8840484619;
323593.8125000000;-106.7128295898;
327340.5937500000;-106.4935607910;
331131.0937500000;-106.2531204224;
334965.5000000000;-105.9816360474;
338844.3125000000;-105.6753082275;
342767.6562500000;-105.3525772095;
346736.8125000000;-105.0043334961;
350751.9375000000;-104.6295394897;
354813.5312500000;-104.2336349487;
358921.7812500000;-103.7965240479;
363078.0000000000;-103.3105468750;
367282.3437500000;-102.7809982300;
371535.3750000000;-102.1809692383;
375837.2500000000;-101.4695434570;
380189.3437500000;-100.6639709473;
384591.8125000000;-99.7544174194;
389045.2812500000;-98.6928482056;
393549.8750000000;-97.5858001709;
398107.0937500000;-96.4701766968;
402717.0625000000;-95.3923873901;
407380.4062500000;-94.4893875122;
412097.3125000000;-93.7786712646;
416869.2812500000;-93.2951202393;
421696.5000000000;-93.0735244751;
426579.6250000000;-93.1994552612;
431519.3125000000;-93.6744232178;
436515.6875000000;-94.4457015991;
441570.4375000000;-95.4906082153;
446683.6875000000;-96.7662658691;
451856.1562500000;-98.2044143677;
457088.0312500000;-99.6944580078;
462380.9687500000;-101.1098022461;
467735.2187500000;-102.4051589966;
473151.4687500000;-103.5801773071;
478629.9062500000;-104.6609420776;
484172.3125000000;-105.6802520752;
489778.8750000000;-106.6596298218;
495450.3750000000;-107.6030731201;
501187.0000000000;-108.5003051758;
506990.6250000000;-109.3382339478;
512861.4375000000;-110.1140441895;
518800.2187500000;-110.8371353149;
524807.1875000000;-111.5110244751;
530884.3125000000;-112.1362533569;
537031.8125000000;-112.6700973511;
543250.5000000000;-113.1391525269;
549540.5625000000;-113.5797119141;
555904.1250000000;-114.0174560547;
562341.3125000000;-114.4536209106;
568853.0625000000;-114.8802108765;
575440.2500000000;-115.2973861694;
582103.0625000000;-115.7098007202;
588843.6250000000;-116.2979965210;
595662.2500000000;-116.8419723511;
602559.8750000000;-117.1760025024;
609536.6875000000;-117.5143661499;
616594.9375000000;-117.8674316406;
623734.9375000000;-118.2284927368;
630957.6250000000;-118.5812835693;
638263.2500000000;-119.0659179688;
645654.1250000000;-119.5185012817;
653130.6250000000;-119.8033828735;
660693.6875000000;-120.0835113525;
668343.6250000000;-120.5085678101;
676082.8750000000;-120.9504470825;
683911.6875000000;-121.2233810425;
691831.1875000000;-121.5186386108;
699841.6875000000;-121.7182388306;
707945.6250000000;-121.8569717407;
716143.4375000000;-122.1282043457;
724436.1875000000;-122.2906036377;
732824.1250000000;-122.0962448120;
741310.0625000000;-121.3512268066;
749894.1875000000;-120.8132781982;
758577.7500000000;-121.2660217285;
767361.8750000000;-122.4738159180;
776246.8750000000;-123.3532485962;
785235.6250000000;-124.1843414307;
794328.4375000000;-124.6444854736;
803526.5000000000;-124.9231262207;
812830.2500000000;-125.1483306885;
822242.5625000000;-125.3774414062;
831763.9375000000;-125.7262191772;
841395.5000000000;-125.9745941162;
851137.6875000000;-126.1718978882;
860993.6250000000;-126.3442382812;
870963.6875000000;-126.4889678955;
881049.2500000000;-126.7105331421;
891250.5625000000;-126.9552001953;
901571.0000000000;-127.1866989136;
912010.9375000000;-127.3615798950;
922571.7500000000;-127.5214920044;
933253.8750000000;-127.6848144531;
944060.6875000000;-127.8860397339;
954992.6250000000;-128.2386169434;
966051.1875000000;-128.5817871094;
977236.6875000000;-128.7362060547;
988552.8125000000;-128.7839355469;
1000000.0000000000;-128.8675689697;
