Window;1;Noise Spectrum;
Trace;1;
1.0000000000;-75.6448898315;
1.0115795135;-75.6908111572;
1.0232930183;-75.8174438477;
1.0351421833;-76.0203247070;
1.0471285582;-76.2232055664;
1.0592536926;-76.4260864258;
1.0715192556;-76.6289672852;
1.0839269161;-76.8868560791;
1.0964782238;-77.3111267090;
1.1091748476;-77.7353897095;
1.1220184565;-78.1596527100;
1.1350108385;-78.5839233398;
1.1481536627;-79.1578140259;
1.1614485979;-80.1093826294;
1.1748975515;-81.0609588623;
1.1885021925;-82.0125350952;
1.2022644281;-82.9641113281;
1.2161860466;-83.1319885254;
1.2302688360;-82.7496643066;
1.2445145845;-82.3673400879;
1.2589254379;-81.9850158691;
1.2735030651;-81.5485076904;
1.2882494926;-80.7564773560;
1.3031667471;-79.9644317627;
1.3182567358;-79.1723937988;
1.3335214853;-78.3803482056;
1.3489629030;-78.0419769287;
1.3645831347;-77.7571716309;
1.3803843260;-77.4723663330;
1.3963683844;-77.1875610352;
1.4125375748;-77.1914291382;
1.4288939238;-77.2447662354;
1.4454398155;-77.2981033325;
1.4621771574;-77.3514328003;
1.4791084528;-77.6800613403;
1.4962356091;-78.0107116699;
1.5135612488;-78.3413696289;
1.5310875177;-78.7060089111;
1.5488165617;-79.1514968872;
1.5667510033;-79.5969848633;
1.5848932266;-80.0424728394;
1.6032453775;-80.3782958984;
1.6218100786;-80.6776123047;
1.6405898333;-80.9769287109;
1.6595869064;-81.2301483154;
1.6788040400;-81.3952941895;
1.6982436180;-81.5604324341;
1.7179083824;-81.6850891113;
1.7378008366;-81.2319259644;
1.7579236031;-80.7787704468;
1.7782794237;-80.3256072998;
1.7988709211;-79.6322021484;
1.8197008371;-78.9140625000;
1.8407719135;-78.1959152222;
1.8620871305;-77.7413635254;
1.8836491108;-77.3302001953;
1.9054607153;-76.9190444946;
1.9275249243;-76.8326568604;
1.9498445988;-76.7768249512;
1.9724227190;-76.7416305542;
1.9952623844;-76.9989166260;
2.0183663368;-77.2562026978;
2.0417380333;-77.5705261230;
2.0653800964;-78.0128631592;
2.0892961025;-78.4552001953;
2.1134889126;-78.8703765869;
2.1379621029;-79.2699813843;
2.1627185345;-79.6623840332;
2.1877615452;-79.8925628662;
2.2130947113;-80.1227493286;
2.2387211323;-80.3480606079;
2.2646441460;-80.5689544678;
2.2908678055;-80.8176269531;
2.3173947334;-81.3957824707;
2.3442287445;-81.9739379883;
2.3713736534;-83.0128860474;
2.3988327980;-84.2513198853;
2.4266099930;-85.0428314209;
2.4547088146;-85.1098175049;
2.4831330776;-85.0922775269;
2.5118863583;-84.4847488403;
2.5409727097;-83.8772125244;
2.5703957081;-83.7524566650;
2.6001594067;-83.6661376953;
2.6302678585;-83.6557464600;
2.6607251167;-83.6665954590;
2.6915347576;-83.4987945557;
2.7227013111;-83.2501296997;
2.7542285919;-82.7487411499;
2.7861211300;-82.1079788208;
2.8183827400;-81.4003143311;
2.8510184288;-80.6562576294;
2.8840315342;-80.0736770630;
2.9174270630;-79.5617141724;
2.9512093067;-79.3644790649;
2.9853825569;-79.2525863647;
3.0199515820;-79.5094528198;
3.0549211502;-79.8176651001;
3.0902955532;-80.3148574829;
3.1260793209;-80.7602767944;
3.1622776985;-81.0843429565;
3.1988949776;-81.1964416504;
3.2359364033;-81.1310195923;
3.2734067440;-80.9563827515;
3.3113110065;-80.7905120850;
3.3496541977;-80.8256988525;
3.3884413242;-81.0891876221;
3.4276781082;-81.5969924927;
3.4673686028;-82.6525268555;
3.5075187683;-83.9542541504;
3.5481340885;-85.6888961792;
3.5892193317;-87.3451614380;
3.6307804585;-88.9476699829;
3.6728229523;-90.4462585449;
3.7153522968;-90.4509429932;
3.7583739758;-89.5428237915;
3.8018937111;-88.0512466431;
3.8459177017;-86.9321975708;
3.8904511929;-85.9966201782;
3.9355010986;-85.1407318115;
3.9810719490;-84.5622253418;
4.0271706581;-84.3093414307;
4.0738029480;-84.4282608032;
4.1209754944;-85.0367202759;
4.1686940193;-85.6519317627;
4.2169651985;-85.9343414307;
4.2657952309;-85.7221603394;
4.3151907921;-85.1575317383;
4.3651580811;-84.8763351440;
4.4157042503;-85.0246124268;
4.4668354988;-85.7516860962;
4.5185589790;-87.2459411621;
4.5708823204;-90.1830368042;
4.6238102913;-91.9900741577;
4.6773514748;-89.8762969971;
4.7315125465;-86.9858245850;
4.7863011360;-85.6291198730;
4.8417239189;-85.4434432983;
4.8977880478;-86.3630218506;
4.9545016289;-88.4027786255;
5.0118722916;-89.5762939453;
5.0699067116;-88.9685821533;
5.1286134720;-88.1669845581;
5.1880002022;-87.5732040405;
5.2480750084;-87.1721649170;
5.3088445663;-87.1583251953;
5.3703184128;-87.7783966064;
5.4325037003;-88.9353713989;
5.4954090118;-90.0589828491;
5.5590424538;-90.5402069092;
5.6234130859;-90.8016357422;
5.6885290146;-89.5757141113;
5.7543992996;-86.3680953979;
5.8210320473;-85.3988952637;
5.8884363174;-86.2242889404;
5.9566211700;-88.2325592041;
6.0255956650;-91.8768081665;
6.0953693390;-97.8652954102;
6.1659502983;-97.8167114258;
6.2373485565;-94.2754516602;
6.3095736504;-91.4503784180;
6.3826351166;-90.0914688110;
6.4565424919;-88.0042114258;
6.5313053131;-86.3421630859;
6.6069345474;-86.2971725464;
6.6834387779;-86.6583709717;
6.7608294487;-86.8221740723;
6.8391160965;-87.3447494507;
6.9183092117;-88.3531646729;
6.9984202385;-88.8526153564;
7.0794582367;-89.4627532959;
7.1614346504;-92.4021682739;
7.2443599701;-97.5209732056;
7.3282456398;-93.8955230713;
7.4131026268;-93.7171783447;
7.4989418983;-96.0162811279;
7.5857758522;-99.4154510498;
7.6736145020;-103.7792816162;
7.7624707222;-98.6775512695;
7.8523559570;-94.6561660767;
7.9432821274;-93.8023605347;
8.0352611542;-95.3259887695;
8.1283054352;-96.0624008179;
8.2224273682;-94.2056350708;
8.3176383972;-93.9807739258;
8.4139518738;-95.5436172485;
8.5113801956;-96.4165802002;
8.6099376678;-94.7996292114;
8.7096357346;-93.6704559326;
8.8104887009;-93.8304901123;
8.9125089645;-95.2206954956;
9.0157108307;-97.9529037476;
9.1201076508;-96.1158981323;
9.2257137299;-94.5082321167;
9.3325433731;-94.4506759644;
9.4406089783;-96.3689422607;
9.5499258041;-95.2111587524;
9.6605091095;-91.2250442505;
9.7723722458;-89.8516082764;
9.8855314255;-89.6260910034;
10.0000000000;-93.7319030762;
10.1157941818;-93.3835296631;
10.2329292297;-93.1358261108;
10.3514213562;-92.9299468994;
10.4712848663;-92.7113113403;
10.5925369263;-92.4530563354;
10.7151927948;-92.1721572876;
10.8392686844;-91.9195556641;
10.9647808075;-91.7554397583;
11.0917472839;-91.7074203491;
11.2201833725;-91.8201446533;
11.3501071930;-92.1295471191;
11.4815349579;-92.6301040649;
11.6144876480;-93.2767410278;
11.7489767075;-93.9751510620;
11.8850231171;-94.7843933105;
12.0226459503;-95.1311035156;
12.1618614197;-95.1140899658;
12.3026885986;-95.0945892334;
12.4451465607;-95.1870269775;
12.5892543793;-95.4315948486;
12.7350311279;-95.8069763184;
12.8824958801;-96.2438278198;
13.0316677094;-96.7258605957;
13.1825675964;-96.7367248535;
13.3352146149;-96.3885879517;
13.4896287918;-95.8915863037;
13.6458311081;-95.3610382080;
13.8038425446;-94.6871032715;
13.9636831284;-94.2643432617;
14.1253747940;-94.1883316040;
14.2889385223;-94.4233703613;
14.4543962479;-95.0085754395;
14.6217708588;-95.5894241333;
14.7910823822;-96.2348403931;
14.9623546600;-96.9926071167;
15.1356105804;-97.1968078613;
15.3108730316;-96.6444168091;
15.4881677628;-95.9206848145;
15.6675128937;-95.5587615967;
15.8489332199;-95.2998428345;
16.0324554443;-95.1293716431;
16.2181015015;-94.7988586426;
16.4058990479;-94.4602432251;
16.5958709717;-94.3665313721;
16.7880401611;-94.4700469971;
16.9824371338;-94.6019363403;
17.1790847778;-94.6335220337;
17.3780078888;-94.5386581421;
17.5792369843;-94.2230606079;
17.7827949524;-93.9116210938;
17.9887084961;-93.7747497559;
18.1970081329;-93.9302139282;
18.4077186584;-94.4889678955;
18.6208705902;-95.6316680908;
18.8364906311;-96.5862274170;
19.0546054840;-97.3401107788;
19.2752475739;-97.8765869141;
19.4984436035;-97.6507186890;
19.7242259979;-97.0927734375;
19.9526214600;-96.8788146973;
20.1836605072;-96.9868164062;
20.4173774719;-97.2818527222;
20.6538047791;-97.1768646240;
20.8929634094;-96.5857009888;
21.1348934174;-96.1334304810;
21.3796234131;-96.1059494019;
21.6271877289;-96.1433563232;
21.8776187897;-95.8798751831;
22.1309490204;-95.6847763062;
22.3872127533;-96.1317367554;
22.6464443207;-97.3229675293;
22.9086780548;-98.7419204712;
23.1739463806;-99.5561141968;
23.4422893524;-99.6116714478;
23.7137374878;-99.4192886353;
23.9883289337;-99.2610549927;
24.2660999298;-98.9485092163;
24.5470886230;-97.9111022949;
24.8313293457;-96.7965927124;
25.1188621521;-96.3505020142;
25.4097251892;-96.2960739136;
25.7039566040;-96.5006637573;
26.0015926361;-97.0297012329;
26.3026771545;-98.1901931763;
26.6072483063;-99.4174499512;
26.9153442383;-99.6197433472;
27.2270088196;-98.9670028687;
27.5422897339;-98.2748870850;
27.8612155914;-98.2262039185;
28.1838321686;-98.6553192139;
28.5101852417;-98.9386367798;
28.8403167725;-99.1484375000;
29.1742725372;-99.8683242798;
29.5120944977;-100.5557708740;
29.8538284302;-99.4991455078;
30.1995182037;-97.8732910156;
30.5492115021;-97.6577835083;
30.9029541016;-97.5326538086;
31.2607936859;-97.5072097778;
31.6227760315;-97.5753097534;
31.9889507294;-97.7714920044;
32.3593635559;-98.0917663574;
32.7340698242;-98.4691085815;
33.1131095886;-98.8770675659;
33.4965438843;-99.2396850586;
33.8844146729;-99.4427795410;
34.2767753601;-99.4749298096;
34.6736831665;-99.3333587646;
35.0751838684;-99.0392379761;
35.4813346863;-98.7024841309;
35.8921890259;-98.4253692627;
36.3078002930;-98.2494583130;
36.7282333374;-98.2010192871;
37.1535263062;-98.2850494385;
37.5837440491;-98.4879531860;
38.0189437866;-98.7352142334;
38.4591827393;-98.9685211182;
38.9045181274;-99.1491546631;
39.3550109863;-99.2590637207;
39.8107185364;-99.3034362793;
40.2717056274;-99.3054809570;
40.7380294800;-99.2950744629;
41.2097511292;-99.2996444702;
41.6869392395;-99.3401260376;
42.1696510315;-99.4167633057;
42.6579513550;-99.5048828125;
43.1519050598;-99.5582656860;
43.6515808105;-99.5251922607;
44.1570434570;-99.3773422241;
44.6683578491;-99.0815200806;
45.1855926514;-98.7773284912;
45.7088165283;-98.4830932617;
46.2380981445;-98.2166824341;
46.7735099792;-97.9654006958;
47.3151206970;-97.7164916992;
47.8630027771;-97.4910736084;
48.4172286987;-97.3453750610;
48.9778900146;-97.3369827271;
49.5450248718;-97.4865951538;
50.1187286377;-97.9104080200;
50.6990776062;-98.3056182861;
51.2861442566;-98.3967208862;
51.8800086975;-98.3366851807;
52.4807510376;-98.1924057007;
53.0884475708;-98.0568313599;
53.7031822205;-98.0273056030;
54.3250350952;-98.1993484497;
54.9540901184;-98.3937606812;
55.5904273987;-98.5732498169;
56.2341308594;-98.6505279541;
56.8852920532;-98.3926620483;
57.5439910889;-97.8939666748;
58.2103195190;-96.6083831787;
58.8843612671;-95.2380371094;
59.5662117004;-94.5602798462;
60.2559547424;-94.2774963379;
60.9536857605;-94.7136993408;
61.6594963074;-95.3191299438;
62.3734779358;-96.2310028076;
63.0957260132;-96.9379043579;
63.8263397217;-97.3939666748;
64.5654144287;-97.7252883911;
65.3130645752;-97.8477859497;
66.0693511963;-97.8153991699;
66.8343963623;-97.6555938721;
67.6083068848;-97.4003982544;
68.3911743164;-97.0976104736;
69.1831054688;-96.9319763184;
69.9842071533;-97.0945434570;
70.7945785522;-97.5082244873;
71.6143417358;-98.1017761230;
72.4435958862;-98.9338989258;
73.2824554443;-99.3598937988;
74.1310272217;-99.2864379883;
74.9894180298;-98.4856491089;
75.8577575684;-97.2713012695;
76.7361450195;-96.4627304077;
77.6247100830;-95.9758377075;
78.5235595703;-95.7822799683;
79.4328155518;-95.8268737793;
80.3526077271;-95.8242263794;
81.2830429077;-95.7834320068;
82.2242584229;-95.8039321899;
83.1763687134;-95.9362182617;
84.1395034790;-95.9379425049;
85.1137924194;-95.4992828369;
86.0993652344;-94.7291107178;
87.0963668823;-93.9417037964;
88.1048965454;-93.2682876587;
89.1251068115;-93.0551834106;
90.1571197510;-93.5750961304;
91.2010955811;-94.2543182373;
92.2571487427;-94.4370956421;
93.3254394531;-94.5234832764;
94.4060897827;-94.9802932739;
95.4992599487;-95.5688400269;
96.6050872803;-95.3192443848;
97.7237243652;-94.5011291504;
98.8553085327;-94.3187408447;
100.0000000000;-94.3964462280;
101.1579742432;-94.2636108398;
102.3292999268;-94.1264419556;
103.5142440796;-93.9851837158;
104.7128524780;-93.8595275879;
105.9253921509;-93.7414474487;
107.1519241333;-93.6527252197;
108.3927154541;-93.5826263428;
109.6478118896;-93.5350036621;
110.9175033569;-93.5293197632;
112.2018356323;-93.5449905396;
113.5010986328;-93.6019592285;
114.8153457642;-93.6872482300;
116.1448745728;-93.7893600464;
117.4897384644;-93.9105072021;
118.8502349854;-94.0428543091;
120.2264251709;-94.1886138916;
121.6186141968;-94.3758010864;
123.0268554688;-94.6280441284;
124.4514694214;-94.9404678345;
125.8925170898;-95.3443832397;
127.3503112793;-95.8251342773;
128.8249206543;-96.3305664062;
130.3166809082;-96.8438491821;
131.8256378174;-97.3109817505;
133.3521423340;-97.7180328369;
134.8963165283;-98.0632553101;
136.4583129883;-98.3385925293;
138.0384674072;-98.5059509277;
139.6368255615;-98.5849151611;
141.2537841797;-98.6279373169;
142.8893890381;-98.6811828613;
144.5440063477;-98.7974929810;
146.2176971436;-99.0263671875;
147.9108581543;-99.3097534180;
149.6235504150;-99.5908050537;
151.3561553955;-99.8480148315;
153.1087188721;-100.0925750732;
154.8816833496;-100.3650131226;
156.6750793457;-100.7029190063;
158.4893341064;-101.0853347778;
160.3245086670;-101.4056777954;
162.1810302734;-101.5789413452;
164.0589447021;-101.5995254517;
165.9586944580;-101.5456848145;
167.8803710938;-101.5208663940;
169.8243713379;-101.5831375122;
171.7908020020;-101.7186355591;
173.7800903320;-101.8816604614;
175.7923126221;-102.0635070801;
177.8279418945;-102.1857604980;
179.8871459961;-102.4889526367;
181.9700775146;-102.8837432861;
184.0772399902;-103.2987442017;
186.2087097168;-103.8539352417;
188.3649444580;-104.3819427490;
190.5460662842;-104.6809082031;
192.7525329590;-104.8639373779;
194.9844360352;-104.9128341675;
197.2423095703;-104.8970031738;
199.5262145996;-104.9179992676;
201.8366699219;-105.0184097290;
204.1737670898;-105.1396560669;
206.5380401611;-105.1184844971;
208.9295806885;-104.8855438232;
211.3489227295;-104.7446136475;
213.7961730957;-104.7154464722;
216.2718658447;-104.7870101929;
218.7761230469;-104.9270553589;
221.3094787598;-105.0862884521;
223.8720703125;-105.3337631226;
226.4644470215;-105.7036209106;
229.0867156982;-106.1112442017;
231.7394714355;-106.1391296387;
234.4228210449;-106.0749588013;
237.1373748779;-106.2338790894;
239.8833618164;-106.6815719604;
242.6610107422;-107.0543594360;
245.4709472656;-107.4429702759;
248.3132934570;-107.5799484253;
251.1887054443;-107.5232849121;
254.0972595215;-107.4942855835;
257.0396423340;-107.7175445557;
260.0159301758;-108.1721343994;
263.0268554688;-108.6218414307;
266.0724792480;-108.8150100708;
269.1535339355;-108.6424102783;
272.2700805664;-108.2997817993;
275.4229125977;-108.0031890869;
278.6120605469;-107.9434432983;
281.8383178711;-108.1817550659;
285.1017761230;-108.4592590332;
288.4031677246;-108.4977416992;
291.7426452637;-108.4196472168;
295.1209411621;-108.5928192139;
298.5382080078;-108.9468154907;
301.9951782227;-108.9663314819;
305.4920349121;-109.0794448853;
309.0295410156;-109.2051849365;
312.6078491211;-109.3329620361;
316.2277526855;-109.4699478149;
319.8895874023;-109.6043853760;
323.5936584473;-109.7331848145;
327.3407592773;-109.8462066650;
331.1311035156;-109.9424057007;
334.9655151367;-110.0122070312;
338.8441467285;-110.0703125000;
342.7678527832;-110.1076354980;
346.7368164062;-110.1425399780;
350.7519226074;-110.1737136841;
354.8133544922;-110.2041625977;
358.9219970703;-110.2339859009;
363.0780029297;-110.2494277954;
367.2823486328;-110.2519989014;
371.5351867676;-110.2226409912;
375.8374328613;-110.1652221680;
380.1893310547;-110.0950927734;
384.5918273926;-110.0415878296;
389.0450744629;-110.0403137207;
393.5501098633;-110.0851058960;
398.1070861816;-110.2236557007;
402.7170410156;-110.3742980957;
407.3801879883;-110.5289382935;
412.0975341797;-110.6360702515;
416.8692626953;-110.6996688843;
421.6965026855;-110.7274627686;
426.5796203613;-110.7140350342;
431.5190734863;-110.6663894653;
436.5159301758;-110.6243820190;
441.5704345703;-110.6082839966;
446.6836853027;-110.6758041382;
451.8559265137;-110.8202819824;
457.0882873535;-110.9792480469;
462.3809814453;-111.1208114624;
467.7352294922;-111.2104873657;
473.1512145996;-111.2906341553;
478.6301574707;-111.4198303223;
484.1723022461;-111.6003723145;
489.7788696289;-111.8197250366;
495.4501037598;-112.0526962280;
501.1872863770;-112.2891464233;
506.9906311035;-112.5296707153;
512.8614501953;-112.7520828247;
518.7999267578;-112.9292602539;
524.8074951172;-113.0420074463;
530.8843383789;-113.0806503296;
537.0317993164;-113.0407104492;
543.2501831055;-112.9261474609;
549.5408935547;-112.7771224976;
555.9041137695;-112.6811752319;
562.3413085938;-112.7114105225;
568.8530883789;-112.8617630005;
575.4399414062;-113.0634384155;
582.1033325195;-113.2200393677;
588.8436279297;-113.2746582031;
595.6622924805;-113.2556915283;
602.5595703125;-113.2643508911;
609.5369873047;-113.3459854126;
616.5949707031;-113.4595870972;
623.7349243164;-113.5468292236;
630.9572753906;-113.5994873047;
638.2636108398;-113.6520767212;
645.6541137695;-113.7289047241;
653.1306152344;-113.8160095215;
660.6933593750;-113.8726043701;
668.3439941406;-113.8490066528;
676.0828857422;-113.8005523682;
683.9116821289;-113.8163452148;
691.8308105469;-113.8524703979;
699.8420410156;-113.8649749756;
707.9456176758;-113.8404235840;
716.1434326172;-113.8350830078;
724.4357910156;-113.9696350098;
732.8245239258;-114.1167144775;
741.3100585938;-114.2254562378;
749.8942260742;-114.2983245850;
758.5777587891;-114.3614501953;
767.3614501953;-114.3959732056;
776.2473144531;-114.3511657715;
785.2355957031;-114.2526397705;
794.3284301758;-114.2502212524;
803.5260620117;-114.4109420776;
812.8306884766;-114.5670852661;
822.2425537109;-114.5110168457;
831.7639160156;-114.2887954712;
841.3950195312;-114.2317810059;
851.1381835938;-114.4480590820;
860.9936523438;-114.6786422729;
870.9636840820;-114.7786560059;
881.0487670898;-114.7973327637;
891.2510375977;-114.8054656982;
901.5709838867;-114.9153366089;
912.0109252930;-115.0896072388;
922.5712280273;-115.1783752441;
933.2543334961;-115.2217102051;
944.0606689453;-115.1931228638;
954.9926147461;-115.0138473511;
966.0506591797;-114.8899383545;
977.2372436523;-114.8681030273;
988.5528564453;-114.7776412964;
1000.0000000000;-115.0786132812;
1011.5797119141;-115.1533660889;
1023.2929687500;-115.2447967529;
1035.1424560547;-115.3519973755;
1047.1285400391;-115.4565429688;
1059.2539062500;-115.5558853149;
1071.5192871094;-115.6178131104;
1083.9271240234;-115.6539611816;
1096.4781494141;-115.6589889526;
1109.1750488281;-115.6326522827;
1122.0183105469;-115.5999145508;
1135.0109863281;-115.5672988892;
1148.1534423828;-115.5557708740;
1161.4487304688;-115.5600433350;
1174.8973388672;-115.5996627808;
1188.5023193359;-115.6579132080;
1202.2642822266;-115.7288742065;
1216.1861572266;-115.8087158203;
1230.2685546875;-115.8828277588;
1244.5146484375;-115.9489593506;
1258.9251708984;-115.9986419678;
1273.5031738281;-116.0268478394;
1288.2492675781;-116.0416259766;
1303.1667480469;-116.0440139771;
1318.2563476562;-116.0350112915;
1333.5214843750;-116.0217437744;
1348.9632568359;-116.0085906982;
1364.5831298828;-116.0001983643;
1380.3846435547;-116.0126724243;
1396.3682861328;-116.0569076538;
1412.5378417969;-116.1281738281;
1428.8939208984;-116.2184219360;
1445.4400634766;-116.3128356934;
1462.1770019531;-116.3796234131;
1479.1086425781;-116.4034881592;
1496.2354736328;-116.3928833008;
1513.5615234375;-116.3645629883;
1531.0872802734;-116.3416595459;
1548.8167724609;-116.3479766846;
1566.7508544922;-116.4003448486;
1584.8933105469;-116.5052413940;
1603.2451171875;-116.6344909668;
1621.8101806641;-116.7555847168;
1640.5894775391;-116.8402633667;
1659.5870361328;-116.8748703003;
1678.8035888672;-116.8608169556;
1698.2437744141;-116.8088607788;
1717.9079589844;-116.7365341187;
1737.8009033203;-116.6684875488;
1757.9230957031;-116.6305389404;
1778.2794189453;-116.6232681274;
1798.8713378906;-116.6564788818;
1819.7008056641;-116.7164001465;
1840.7724609375;-116.7702407837;
1862.0870361328;-116.7699050903;
1883.6495361328;-116.7121124268;
1905.4605712891;-116.7023391724;
1927.5252685547;-116.7426223755;
1949.8444824219;-116.8107910156;
1972.4230957031;-116.8686447144;
1995.2620849609;-116.8947677612;
2018.3666992188;-116.8974685669;
2041.7376708984;-116.9008102417;
2065.3803710938;-116.9452819824;
2089.2958984375;-117.0324401855;
2113.4892578125;-117.1131744385;
2137.9616699219;-117.2043304443;
2162.7187500000;-117.2969207764;
2187.7612304688;-117.4088668823;
2213.0949707031;-117.4470214844;
2238.7207031250;-117.3982315063;
2264.6442871094;-117.3175964355;
2290.8671875000;-117.2484283447;
2317.3947753906;-117.2750167847;
2344.2282714844;-117.3208389282;
2371.3737792969;-117.3611068726;
2398.8334960938;-117.4016723633;
2426.6101074219;-117.4721908569;
2454.7094726562;-117.6264648438;
2483.1330566406;-117.7352752686;
2511.8869628906;-117.7211685181;
2540.9726562500;-117.6567840576;
2570.3962402344;-117.5954132080;
2600.1594238281;-117.5692138672;
2630.2685546875;-117.6007690430;
2660.7248535156;-117.6296615601;
2691.5351562500;-117.6182785034;
2722.7009277344;-117.6248626709;
2754.2290039062;-117.6652832031;
2786.1208496094;-117.6772918701;
2818.3833007812;-117.6476669312;
2851.0178222656;-117.6298065186;
2884.0317382812;-117.6693572998;
2917.4265136719;-117.7800674438;
2951.2094726562;-117.8296508789;
2985.3820800781;-117.7889709473;
3019.9519042969;-117.7118911743;
3054.9204101562;-117.7471771240;
3090.2954101562;-117.7955245972;
3126.0786132812;-117.8442382812;
3162.2775878906;-117.8946762085;
3198.8959960938;-117.9390411377;
3235.9365234375;-117.9700622559;
3273.4077148438;-117.9875183105;
3311.3110351562;-117.9905242920;
3349.6550292969;-117.9843902588;
3388.4414062500;-117.9742126465;
3427.6784667969;-117.9715957642;
3467.3681640625;-117.9733886719;
3507.5192871094;-117.9891891479;
3548.1335449219;-118.0138473511;
3589.2199707031;-118.0463180542;
3630.7800292969;-118.0885848999;
3672.8234863281;-118.1330184937;
3715.3518066406;-118.1798095703;
3758.3745117188;-118.2200775146;
3801.8933105469;-118.2544174194;
3845.9182128906;-118.2642364502;
3890.4506835938;-118.2537307739;
3935.5009765625;-118.2259902954;
3981.0708007812;-118.1757888794;
4027.1704101562;-118.1284103394;
4073.8017578125;-118.0857696533;
4120.9750976562;-118.0653305054;
4168.6928710938;-118.0593109131;
4216.9648437500;-118.0617370605;
4265.7963867188;-118.0678024292;
4315.1904296875;-118.0692062378;
4365.1591796875;-118.0725631714;
4415.7041015625;-118.0833511353;
4466.8369140625;-118.1208724976;
4518.5590820312;-118.1932525635;
4570.8828125000;-118.2782821655;
4623.8095703125;-118.3565597534;
4677.3520507812;-118.3962402344;
4731.5122070312;-118.3569869995;
4786.3017578125;-118.2752990723;
4841.7231445312;-118.1777191162;
4897.7890625000;-118.0913162231;
4954.5009765625;-118.0396652222;
5011.8730468750;-118.0395202637;
5069.9062500000;-118.0747833252;
5128.6142578125;-118.1212539673;
5187.9995117188;-118.1608886719;
5248.0747070312;-118.1820983887;
5308.8432617188;-118.1812210083;
5370.3183593750;-118.1612396240;
5432.5019531250;-118.1294555664;
5495.4086914062;-118.0975189209;
5559.0410156250;-118.0818176270;
5623.4130859375;-118.0928802490;
5688.5307617188;-118.1231155396;
5754.3994140625;-118.1560287476;
5821.0336914062;-118.1820831299;
5888.4365234375;-118.2018585205;
5956.6225585938;-118.2115554810;
6025.5957031250;-118.1859436035;
6095.3701171875;-118.1207427979;
6165.9497070312;-118.0432662964;
6237.3496093750;-117.9972229004;
6309.5727539062;-118.0012283325;
6382.6357421875;-118.0351028442;
6456.5415039062;-118.0647888184;
6531.3061523438;-118.0676040649;
6606.9335937500;-118.0379257202;
6683.4399414062;-117.9673385620;
6760.8286132812;-117.9210052490;
6839.1171875000;-117.9126968384;
6918.3081054688;-117.9271621704;
6998.4204101562;-117.9795303345;
7079.4560546875;-118.0581893921;
7161.4345703125;-118.1121444702;
7244.3579101562;-118.0594329834;
7328.2456054688;-118.0150833130;
7413.1005859375;-118.0098724365;
7498.9418945312;-118.0570526123;
7585.7778320312;-118.1163864136;
7673.6147460938;-118.1498947144;
7762.4731445312;-118.1340789795;
7852.3559570312;-118.0178527832;
7943.2841796875;-117.9064636230;
8035.2607421875;-117.8011322021;
8128.3066406250;-117.7817916870;
8222.4257812500;-117.7877731323;
8317.6396484375;-117.7706985474;
8413.9501953125;-117.7544403076;
8511.3818359375;-117.7811203003;
8609.9365234375;-117.8314361572;
8709.6367187500;-117.8770828247;
8810.4873046875;-117.9000396729;
8912.5107421875;-117.9099884033;
9015.7099609375;-117.9070739746;
9120.1093750000;-117.8405075073;
9225.7128906250;-117.7641143799;
9332.5439453125;-117.7363967896;
9440.6064453125;-117.7184829712;
9549.9267578125;-117.7527618408;
9660.5068359375;-117.8192977905;
9772.3720703125;-117.7972640991;
9885.5283203125;-117.6901702881;
10000.0000000000;-117.6529083252;
10115.7968750000;-117.6324234009;
10232.9355468750;-117.6142120361;
10351.4189453125;-117.5981445312;
10471.2851562500;-117.5797500610;
10592.5400390625;-117.5600662231;
10715.1982421875;-117.5347290039;
10839.2656250000;-117.5081863403;
10964.7812500000;-117.4801864624;
11091.7500000000;-117.4560317993;
11220.1894531250;-117.4348526001;
11350.1035156250;-117.4207763672;
11481.5351562500;-117.4120178223;
11614.4873046875;-117.4061050415;
11748.9804687500;-117.4017791748;
11885.0166015625;-117.3938293457;
12022.6425781250;-117.3820724487;
12161.8613281250;-117.3601913452;
12302.6923828125;-117.3295898438;
12445.1396484375;-117.2926864624;
12589.2509765625;-117.2490234375;
12735.0312500000;-117.2014846802;
12882.4990234375;-117.1510314941;
13031.6611328125;-117.0973358154;
13182.5634765625;-117.0366668701;
13335.2138671875;-116.9723052979;
13489.6328125000;-116.9088973999;
13645.8388671875;-116.8507156372;
13803.8388671875;-116.8087997437;
13963.6826171875;-116.7823562622;
14125.3789062500;-116.7637557983;
14288.9462890625;-116.7471008301;
14454.3925781250;-116.7260513306;
14621.7705078125;-116.6968917847;
14791.0869140625;-116.6645507812;
14962.3632812500;-116.6293869019;
15135.6064453125;-116.5870895386;
15310.8730468750;-116.5319595337;
15488.1679687500;-116.4613571167;
15667.5166015625;-116.3829421997;
15848.9248046875;-116.3194885254;
16032.4511718750;-116.2807235718;
16218.1025390625;-116.2535476685;
16405.9042968750;-116.2144775391;
16595.8613281250;-116.1496734619;
16788.0371093750;-116.0681533813;
16982.4375000000;-115.9964752197;
17179.0898437500;-115.9593124390;
17378.0000000000;-115.9634094238;
17579.2324218750;-115.9962615967;
17782.7949218750;-116.0215301514;
17988.7148437500;-116.0527420044;
18197.0175781250;-116.0459594727;
18407.7148437500;-115.9816741943;
18620.8710937500;-115.7810363770;
18836.4941406250;-115.5572891235;
19054.6171875000;-115.4522247314;
19275.2421875000;-115.3969497681;
19498.4433593750;-115.3766326904;
19724.2304687500;-115.3730621338;
19952.6328125000;-115.3781280518;
20183.6562500000;-115.3858184814;
20417.3769531250;-115.3774185181;
20653.8046875000;-115.2686462402;
20892.9687500000;-115.0554122925;
21134.8808593750;-114.8908767700;
21379.6171875000;-114.7651977539;
21627.1875000000;-114.7103576660;
21877.6230468750;-114.7578353882;
22130.9355468750;-114.8373413086;
22387.2070312500;-114.8413238525;
22646.4433593750;-114.8003005981;
22908.6835937500;-114.7247467041;
23173.9335937500;-114.6832504272;
23442.2812500000;-114.6593933105;
23713.7363281250;-114.5732192993;
23988.3359375000;-114.4679260254;
24266.1132812500;-114.4344787598;
24547.0820312500;-114.4593048096;
24831.3300781250;-114.4957809448;
25118.8691406250;-114.4593734741;
25409.7402343750;-114.3763961792;
25703.9492187500;-114.3234100342;
26001.5937500000;-114.3174667358;
26302.6835937500;-114.2960433960;
26607.2617187500;-114.2143859863;
26915.3378906250;-114.0891418457;
27227.0097656250;-113.9786834717;
27542.2910156250;-113.9370346069;
27861.2226562500;-113.9677047729;
28183.8164062500;-114.0245666504;
28510.1777343750;-114.0292663574;
28840.3183593750;-113.9618377686;
29174.2812500000;-113.8760299683;
29512.0781250000;-113.8547515869;
29853.8203125000;-113.8502349854;
30199.5175781250;-114.0110473633;
30549.2207031250;-114.0178527832;
30902.9375000000;-114.0099258423;
31260.7851562500;-113.9979248047;
31622.7773437500;-113.9674453735;
31988.9589843750;-113.9339523315;
32359.3828125000;-113.8938446045;
32734.0585937500;-113.8579101562;
33113.1093750000;-113.8264160156;
33496.5507812500;-113.8074722290;
33884.4335937500;-113.7940750122;
34276.7656250000;-113.8008575439;
34673.6835937500;-113.8145523071;
35075.1953125000;-113.8482589722;
35481.3554687500;-113.8955993652;
35892.1796875000;-113.9549407959;
36307.8007812500;-114.0243988037;
36728.2343750000;-114.0916213989;
37153.5390625000;-114.1481094360;
37583.7226562500;-114.1804275513;
38018.9335937500;-114.1957778931;
38459.1796875000;-114.1680221558;
38904.5273437500;-114.1111526489;
39354.9882812500;-114.0293045044;
39810.7070312500;-113.9095687866;
40271.7070312500;-113.7960815430;
40738.0390625000;-113.6956939697;
41209.7304687500;-113.6676177979;
41686.9257812500;-113.7130889893;
42169.6484375000;-113.8129196167;
42657.9648437500;-113.9642868042;
43151.9296875000;-114.1083602905;
43651.5703125000;-114.2271652222;
44157.0429687500;-114.3185653687;
44668.3671875000;-114.3932037354;
45185.6171875000;-114.4947891235;
45708.8046875000;-114.6261367798;
46238.0976562500;-114.7813339233;
46773.5234375000;-114.9414138794;
47315.1484375000;-115.0580673218;
47862.9921875000;-115.1340560913;
48417.2304687500;-115.1855087280;
48977.8867187500;-115.2333221436;
49545.0390625000;-115.2998962402;
50118.7031250000;-115.3989639282;
50699.0625000000;-115.5171508789;
51286.1445312500;-115.6395111084;
51880.0234375000;-115.7538757324;
52480.7187500000;-115.8466033936;
53088.4335937500;-115.9064636230;
53703.1835937500;-115.9339065552;
54325.0507812500;-115.9515380859;
54954.0585937500;-115.9970779419;
55590.4101562500;-116.0968170166;
56234.1328125000;-116.2380676270;
56885.3085937500;-116.3836975098;
57544.0234375000;-116.5072784424;
58210.3046875000;-116.6140747070;
58884.3632812500;-116.7338027954;
59566.2265625000;-116.9089813232;
60255.9882812500;-117.0618743896;
60953.6679687500;-117.1728439331;
61659.4960937500;-117.2480850220;
62373.4960937500;-117.3292388916;
63095.7617187500;-117.4330139160;
63826.3242187500;-117.5351715088;
64565.4140625000;-117.6077728271;
65313.0625000000;-117.6471176147;
66069.3671875000;-117.6743621826;
66834.3593750000;-117.7791900635;
67608.2890625000;-117.9731597900;
68391.1718750000;-118.1015014648;
69183.1250000000;-118.1900329590;
69984.1640625000;-118.2570190430;
70794.5625000000;-118.3320617676;
71614.3437500000;-118.4674148560;
72443.6171875000;-118.5773620605;
73282.4140625000;-118.6031570435;
74131.0078125000;-118.6044464111;
74989.4218750000;-118.6559295654;
75857.7812500000;-118.8250198364;
76736.1875000000;-118.9821777344;
77624.6875000000;-119.1365661621;
78523.5625000000;-119.2065353394;
79432.8437500000;-119.2510299683;
80352.6484375000;-119.3183364868;
81283.0234375000;-119.3487396240;
82224.2578125000;-119.3768234253;
83176.3906250000;-119.5337753296;
84139.5546875000;-119.7865982056;
85113.7734375000;-120.0358810425;
86099.3671875000;-120.2393569946;
87096.3671875000;-120.3618927002;
88104.9218750000;-120.4238510132;
89125.0546875000;-120.4858093262;
90157.1015625000;-120.5942077637;
91201.0937500000;-120.7398452759;
92257.1718750000;-120.8641891479;
93325.3828125000;-120.9324035645;
94406.0703125000;-121.1166152954;
95499.2656250000;-121.3612060547;
96605.1171875000;-121.4338912964;
97723.6718750000;-121.3138351440;
98855.2812500000;-121.2761993408;
100000.0000000000;-121.6214904785;
101157.9687500000;-121.6927185059;
102329.3515625000;-121.7693328857;
103514.1875000000;-121.8510208130;
104712.8515625000;-121.9453506470;
105925.3984375000;-122.0443038940;
107151.9843750000;-122.1544723511;
108392.6562500000;-122.2661819458;
109647.8125000000;-122.3797683716;
110917.5000000000;-122.4897613525;
112201.8984375000;-122.5972595215;
113501.0390625000;-122.6990585327;
114815.3437500000;-122.7942047119;
116144.8750000000;-122.8841018677;
117489.8046875000;-122.9611282349;
118850.1718750000;-123.0277633667;
120226.4218750000;-123.0869750977;
121618.6093750000;-123.1389694214;
123026.9218750000;-123.1962127686;
124451.3984375000;-123.2611541748;
125892.5156250000;-123.3424072266;
127350.3125000000;-123.4441680908;
128824.9921875000;-123.5568618774;
130316.6093750000;-123.6779403687;
131825.6406250000;-123.7968673706;
133352.1406250000;-123.9030914307;
134896.3281250000;-123.9968185425;
136458.3906250000;-124.0781097412;
138038.3906250000;-124.1511535645;
139636.8281250000;-124.2223129272;
141253.7812500000;-124.2879333496;
142889.4687500000;-124.3437042236;
144543.9218750000;-124.3853530884;
146217.7031250000;-124.4167556763;
147910.8593750000;-124.4596328735;
149623.6250000000;-124.5245208740;
151356.0625000000;-124.6116256714;
153108.7187500000;-124.7124938965;
154881.6875000000;-124.8124771118;
156675.1718750000;-124.8975601196;
158489.2500000000;-124.9550857544;
160324.5156250000;-124.9835510254;
162181.0312500000;-124.9883422852;
164059.0312500000;-124.9887466431;
165958.6093750000;-125.0130081177;
167880.3593750000;-125.0840988159;
169824.3750000000;-125.2064971924;
171790.8906250000;-125.3638839722;
173779.9843750000;-125.5294113159;
175792.3125000000;-125.6805191040;
177827.9375000000;-125.7621307373;
179887.1406250000;-125.8746871948;
181970.1875000000;-125.9709777832;
184077.1406250000;-126.0570297241;
186208.7031250000;-126.1588211060;
188364.9531250000;-126.2265548706;
190546.1562500000;-126.2632141113;
192752.4218750000;-126.3137207031;
194984.4375000000;-126.3826828003;
197242.3125000000;-126.4577407837;
199526.3125000000;-126.5219802856;
201836.5625000000;-126.5686187744;
204173.7656250000;-126.5998382568;
206538.0468750000;-126.6191558838;
208929.7031250000;-126.6243057251;
211348.8125000000;-126.6411666870;
213796.1718750000;-126.6733779907;
216271.8750000000;-126.7011795044;
218776.2343750000;-126.6820449829;
221309.3593750000;-126.6055526733;
223872.0625000000;-126.5516815186;
226464.4375000000;-126.5272979736;
229086.8281250000;-126.5710296631;
231739.3437500000;-126.6639251709;
234422.8125000000;-126.7198944092;
237137.3750000000;-126.7470474243;
239883.3593750000;-126.7291793823;
242661.1406250000;-126.7171401978;
245470.8125000000;-126.7159576416;
248313.2968750000;-126.6972427368;
251188.7031250000;-126.6360168457;
254097.3906250000;-126.5799255371;
257039.4843750000;-126.5415267944;
260015.9375000000;-126.4684524536;
263026.8437500000;-126.3816909790;
266072.6250000000;-126.3748168945;
269153.3750000000;-126.4517898560;
272270.0937500000;-126.4946899414;
275422.9062500000;-126.4374008179;
278612.2187500000;-126.3338775635;
281838.1562500000;-126.2287750244;
285101.7812500000;-126.1348953247;
288403.1875000000;-126.0564498901;
291742.8125000000;-125.9678115845;
295120.7812500000;-125.8737030029;
298538.1875000000;-125.7456588745;
301995.1875000000;-125.5304107666;
305492.2187500000;-125.4087524414;
309029.3750000000;-125.2687606812;
312607.8437500000;-125.1202087402;
316227.7812500000;-124.9570693970;
319889.5937500000;-124.7744064331;
323593.8125000000;-124.5816802979;
327340.5937500000;-124.3544616699;
331131.0937500000;-124.1108245850;
334965.5000000000;-123.8430938721;
338844.3125000000;-123.5410079956;
342767.6562500000;-123.2201538086;
346736.8125000000;-122.8661727905;
350751.9375000000;-122.4777755737;
354813.5312500000;-122.0639419556;
358921.7812500000;-121.6044158936;
363078.0000000000;-121.0949554443;
367282.3437500000;-120.5425415039;
371535.3750000000;-119.9227371216;
375837.2500000000;-119.2046279907;
380189.3437500000;-118.4042587280;
384591.8125000000;-117.5132293701;
389045.2812500000;-116.4806365967;
393549.8750000000;-115.3997192383;
398107.0937500000;-114.3075561523;
402717.0625000000;-113.2505950928;
407380.4062500000;-112.3767623901;
412097.3125000000;-111.7082824707;
416869.2812500000;-111.2818069458;
421696.5000000000;-111.1330337524;
426579.6250000000;-111.3476943970;
431519.3125000000;-111.9182662964;
436515.6875000000;-112.7819061279;
441570.4375000000;-113.9068145752;
446683.6875000000;-115.2412109375;
451856.1562500000;-116.7105484009;
457088.0312500000;-118.2067947388;
462380.9687500000;-119.6270980835;
467735.2187500000;-120.9369125366;
473151.4687500000;-122.1310195923;
478629.9062500000;-123.2209320068;
484172.3125000000;-124.2233352661;
489778.8750000000;-125.1507034302;
495450.3750000000;-126.0100097656;
501187.0000000000;-126.8060836792;
506990.6250000000;-127.5458145142;
512861.4375000000;-128.2384033203;
518800.2187500000;-128.8937988281;
524807.1875000000;-129.5204467773;
530884.3125000000;-130.1369323730;
537031.8125000000;-130.7152252197;
543250.5000000000;-131.2635498047;
549540.5625000000;-131.7819366455;
555904.1250000000;-132.2736511230;
562341.3125000000;-132.7422790527;
568853.0625000000;-133.1907348633;
575440.2500000000;-133.6230163574;
582103.0625000000;-134.0423889160;
588843.6250000000;-134.6302642822;
595662.2500000000;-135.1664733887;
602559.8750000000;-135.4798889160;
609536.6875000000;-135.7823028564;
616594.9375000000;-136.0993499756;
623734.9375000000;-136.4462280273;
630957.6250000000;-136.8147125244;
638263.2500000000;-137.3398132324;
645654.1250000000;-137.7991638184;
653130.6250000000;-138.0605773926;
660693.6875000000;-138.3104095459;
668343.6250000000;-138.6881408691;
676082.8750000000;-139.0762786865;
683911.6875000000;-139.3307647705;
691831.1875000000;-139.6943817139;
699841.6875000000;-140.0370635986;
707945.6250000000;-140.2470092773;
716143.4375000000;-140.5255584717;
724436.1875000000;-140.6780548096;
732824.1250000000;-140.5508422852;
741310.0625000000;-139.9919128418;
749894.1875000000;-139.5704193115;
758577.7500000000;-139.9781188965;
767361.8750000000;-141.0098571777;
776246.8750000000;-141.7301635742;
785235.6250000000;-142.3803100586;
794328.4375000000;-142.7336120605;
803526.5000000000;-142.9066009521;
812830.2500000000;-142.8618316650;
822242.5625000000;-142.6333465576;
831763.9375000000;-142.7668762207;
841395.5000000000;-143.3544616699;
851137.6875000000;-143.9589080811;
860993.6250000000;-144.3160095215;
870963.6875000000;-144.4786834717;
881049.2500000000;-144.6767425537;
891250.5625000000;-144.8288726807;
901571.0000000000;-144.9865264893;
912010.9375000000;-145.2797088623;
922571.7500000000;-145.5890197754;
933253.8750000000;-145.7326507568;
944060.6875000000;-145.8159179688;
954992.6250000000;-145.9319305420;
966051.1875000000;-146.1155700684;
977236.6875000000;-146.3564300537;
988552.8125000000;-146.5308532715;
1000000.0000000000;-146.7169342041;
