Window;1;Noise Spectrum;
Trace;1;
1.0000000000;-83.6229171753;
1.0115795135;-83.7192459106;
1.0232930183;-83.6052322388;
1.0351421833;-83.2925415039;
1.0471285582;-82.9798507690;
1.0592536926;-82.6671600342;
1.0715192556;-82.3544769287;
1.0839269161;-82.0185241699;
1.0964782238;-81.6122436523;
1.1091748476;-81.2059631348;
1.1220184565;-80.7996826172;
1.1350108385;-80.3933944702;
1.1481536627;-79.9689483643;
1.1614485979;-79.4986419678;
1.1748975515;-79.0283279419;
1.1885021925;-78.5580215454;
1.2022644281;-78.0877151489;
1.2161860466;-77.6504516602;
1.2302688360;-77.2363891602;
1.2445145845;-76.8223342896;
1.2589254379;-76.4082641602;
1.2735030651;-76.0142059326;
1.2882494926;-75.7513961792;
1.3031667471;-75.4885787964;
1.3182567358;-75.2257690430;
1.3335214853;-74.9629592896;
1.3489629030;-74.8553695679;
1.3645831347;-74.7661132812;
1.3803843260;-74.6768493652;
1.3963683844;-74.5875930786;
1.4125375748;-74.6437377930;
1.4288939238;-74.7247924805;
1.4454398155;-74.8058471680;
1.4621771574;-74.8869094849;
1.4791084528;-75.1515579224;
1.4962356091;-75.4175643921;
1.5135612488;-75.6835708618;
1.5310875177;-76.0227279663;
1.5488165617;-76.5358505249;
1.5667510033;-77.0489807129;
1.5848932266;-77.5621185303;
1.6032453775;-78.3486404419;
1.6218100786;-79.2261810303;
1.6405898333;-80.1037216187;
1.6595869064;-80.9633255005;
1.6788040400;-81.7886505127;
1.6982436180;-82.6139755249;
1.7179083824;-83.3713378906;
1.7378008366;-83.1588516235;
1.7579236031;-82.9463653564;
1.7782794237;-82.7338790894;
1.7988709211;-82.8140716553;
1.8197008371;-82.9244079590;
1.8407719135;-83.0347442627;
1.8620871305;-83.5633926392;
1.8836491108;-84.1609191895;
1.9054607153;-84.7584381104;
1.9275249243;-85.5307083130;
1.9498445988;-86.3194122314;
1.9724227190;-87.0396728516;
1.9952623844;-86.7897186279;
2.0183663368;-86.5397644043;
2.0417380333;-86.2220001221;
2.0653800964;-85.7520675659;
2.0892961025;-85.2821273804;
2.1134889126;-85.2139282227;
2.1379621029;-85.3762054443;
2.1627185345;-85.5787277222;
2.1877615452;-86.6890640259;
2.2130947113;-87.7994079590;
2.2387211323;-88.0047760010;
2.2646441460;-87.3901214600;
2.2908678055;-86.7551193237;
2.3173947334;-85.8787002563;
2.3442287445;-85.0022888184;
2.3713736534;-84.7724609375;
2.3988327980;-84.8225326538;
2.4266099930;-84.9538345337;
2.4547088146;-85.2168045044;
2.4831330776;-85.4005737305;
2.5118863583;-85.0314407349;
2.5409727097;-84.6623077393;
2.5703957081;-84.3816833496;
2.6001594067;-84.1081085205;
2.6302678585;-83.9212646484;
2.6607251167;-83.7586746216;
2.6915347576;-83.3872985840;
2.7227013111;-82.9214019775;
2.7542285919;-82.4088211060;
2.7861211300;-81.8704833984;
2.8183827400;-81.5434112549;
2.8510184288;-81.3312454224;
2.8840315342;-81.4558944702;
2.9174270630;-81.7278366089;
2.9512093067;-82.3766403198;
2.9853825569;-83.1276397705;
3.0199515820;-84.0831451416;
3.0549211502;-85.0621948242;
3.0902955532;-86.0962905884;
3.1260793209;-87.3148727417;
3.1622776985;-88.9659500122;
3.1988949776;-89.1550369263;
3.2359364033;-88.1197662354;
3.2734067440;-86.9966125488;
3.3113110065;-86.0095138550;
3.3496541977;-85.9929428101;
3.3884413242;-86.3896484375;
3.4276781082;-87.2286224365;
3.4673686028;-88.7600936890;
3.5075187683;-90.7157440186;
3.5481340885;-93.5307922363;
3.5892193317;-94.5635452271;
3.6307804585;-94.5573806763;
3.6728229523;-93.1295089722;
3.7153522968;-92.5014801025;
3.7583739758;-92.3619232178;
3.8018937111;-92.5335693359;
3.8459177017;-92.0045166016;
3.8904511929;-90.9727249146;
3.9355010986;-89.3697052002;
3.9810719490;-87.7014846802;
4.0271706581;-86.1733856201;
4.0738029480;-84.8725509644;
4.1209754944;-84.0752716064;
4.1686940193;-83.7491378784;
4.2169651985;-83.8132400513;
4.2657952309;-84.2230224609;
4.3151907921;-84.8440780640;
4.3651580811;-85.1751861572;
4.4157042503;-85.0988769531;
4.4668354988;-84.6884078979;
4.5185589790;-84.1489486694;
4.5708823204;-83.7798843384;
4.6238102913;-83.7647933960;
4.6773514748;-84.2145462036;
4.7315125465;-85.2228164673;
4.7863011360;-86.6399383545;
4.8417239189;-87.8678207397;
4.8977880478;-87.8247222900;
4.9545016289;-87.5733566284;
5.0118722916;-88.0103530884;
5.0699067116;-88.2410736084;
5.1286134720;-87.4838027954;
5.1880002022;-86.4033889771;
5.2480750084;-85.6578979492;
5.3088445663;-85.4339904785;
5.3703184128;-85.7271728516;
5.4325037003;-86.4928283691;
5.4954090118;-87.6070327759;
5.5590424538;-88.3144378662;
5.6234130859;-89.4383010864;
5.6885290146;-90.1822814941;
5.7543992996;-89.8060760498;
5.8210320473;-87.1829147339;
5.8884363174;-85.8352279663;
5.9566211700;-85.6616439819;
6.0255956650;-86.8004684448;
6.0953693390;-89.7140121460;
6.1659502983;-93.8776321411;
6.2373485565;-91.5349655151;
6.3095736504;-90.4444503784;
6.3826351166;-88.4441680908;
6.4565424919;-85.7521057129;
6.5313053131;-85.1164932251;
6.6069345474;-85.9485015869;
6.6834387779;-87.7957916260;
6.7608294487;-91.0109634399;
6.8391160965;-98.0009613037;
6.9183092117;-95.9112930298;
6.9984202385;-95.0903701782;
7.0794582367;-94.6462402344;
7.1614346504;-94.3762512207;
7.2443599701;-93.1889266968;
7.3282456398;-92.7926025391;
7.4131026268;-95.4135589600;
7.4989418983;-103.4215393066;
7.5857758522;-101.6158905029;
7.6736145020;-94.1065216064;
7.7624707222;-89.9333343506;
7.8523559570;-86.3144989014;
7.9432821274;-84.9281616211;
8.0352611542;-85.6814804077;
8.1283054352;-87.6535568237;
8.2224273682;-89.6557998657;
8.3176383972;-91.8755187988;
8.4139518738;-91.6065902710;
8.5113801956;-89.1169967651;
8.6099376678;-88.5989990234;
8.7096357346;-89.2528457642;
8.8104887009;-89.2392807007;
8.9125089645;-88.8326644897;
9.0157108307;-90.0485000610;
9.1201076508;-94.2527770996;
9.2257137299;-89.7054367065;
9.3325433731;-88.6136398315;
9.4406089783;-90.4251403809;
9.5499258041;-95.3707427979;
9.6605091095;-96.1113586426;
9.7723722458;-92.7883987427;
9.8855314255;-90.7032775879;
10.0000000000;-94.5059890747;
10.1157941818;-94.0240249634;
10.2329292297;-93.6906356812;
10.3514213562;-93.4991073608;
10.4712848663;-93.4338226318;
10.5925369263;-93.4899673462;
10.7151927948;-93.6726760864;
10.8392686844;-93.9825286865;
10.9647808075;-94.3973464966;
11.0917472839;-94.7571258545;
11.2201833725;-95.1949920654;
11.3501071930;-95.4976806641;
11.4815349579;-95.6088027954;
11.6144876480;-95.5570602417;
11.7489767075;-95.4196014404;
11.8850231171;-95.2150955200;
12.0226459503;-95.1478805542;
12.1618614197;-95.2748870850;
12.3026885986;-95.5745468140;
12.4451465607;-96.0429763794;
12.5892543793;-96.6190490723;
12.7350311279;-97.1768188477;
12.8824958801;-97.5731811523;
13.0316677094;-97.7398452759;
13.1825675964;-97.5955047607;
13.3352146149;-97.3651351929;
13.4896287918;-97.0715255737;
13.6458311081;-96.7560653687;
13.8038425446;-96.3554306030;
13.9636831284;-96.1233444214;
14.1253747940;-96.0992813110;
14.2889385223;-96.1640548706;
14.4543962479;-96.1525421143;
14.6217708588;-95.9954528809;
14.7910823822;-95.7294540405;
14.9623546600;-95.2835464478;
15.1356105804;-94.9734191895;
15.3108730316;-94.9383926392;
15.4881677628;-95.1009674072;
15.6675128937;-95.3068008423;
15.8489332199;-95.7457504272;
16.0324554443;-96.3610076904;
16.2181015015;-97.1912918091;
16.4058990479;-98.1035079956;
16.5958709717;-98.7552566528;
16.7880401611;-99.1533203125;
16.9824371338;-99.3503036499;
17.1790847778;-99.2318038940;
17.3780078888;-98.8481979370;
17.5792369843;-98.8777313232;
17.7827949524;-99.5082092285;
17.9887084961;-100.4517059326;
18.1970081329;-101.3191070557;
18.4077186584;-101.8181610107;
18.6208705902;-102.2448654175;
18.8364906311;-102.5683670044;
19.0546054840;-102.8304977417;
19.2752475739;-102.7492904663;
19.4984436035;-101.9436569214;
19.7242259979;-100.6188735962;
19.9526214600;-99.4980392456;
20.1836605072;-98.4415664673;
20.4173774719;-97.4899520874;
20.6538047791;-97.2415542603;
20.8929634094;-97.6885070801;
21.1348934174;-98.5086593628;
21.3796234131;-98.8651351929;
21.6271877289;-98.0886764526;
21.8776187897;-96.8691482544;
22.1309490204;-96.1601867676;
22.3872127533;-96.2119979858;
22.6464443207;-96.7933120728;
22.9086780548;-97.5456619263;
23.1739463806;-98.2870025635;
23.4422893524;-98.8702087402;
23.7137374878;-98.9825134277;
23.9883289337;-98.7206344604;
24.2660999298;-98.5731353760;
24.5470886230;-98.5584030151;
24.8313293457;-98.0855865479;
25.1188621521;-97.5022506714;
25.4097251892;-97.2584228516;
25.7039566040;-97.7324142456;
26.0015926361;-98.9883193970;
26.3026771545;-99.9837341309;
26.6072483063;-99.0314941406;
26.9153442383;-97.6621170044;
27.2270088196;-96.9078903198;
27.5422897339;-97.3701248169;
27.8612155914;-98.9186248779;
28.1838321686;-100.8149108887;
28.5101852417;-102.2138214111;
28.8403167725;-103.1113662720;
29.1742725372;-102.1271362305;
29.5120944977;-100.0767288208;
29.8538284302;-98.4418640137;
30.1995182037;-98.1022644043;
30.5492115021;-98.0470199585;
30.9029541016;-98.0482864380;
31.2607936859;-98.0636138916;
31.6227760315;-98.0890960693;
31.9889507294;-98.1231079102;
32.3593635559;-98.1960754395;
32.7340698242;-98.3194580078;
33.1131095886;-98.5038146973;
33.4965438843;-98.7789916992;
33.8844146729;-99.1170883179;
34.2767753601;-99.4775924683;
34.6736831665;-99.8316345215;
35.0751838684;-100.1352310181;
35.4813346863;-100.2999954224;
35.8921890259;-100.3173751831;
36.3078002930;-100.1913986206;
36.7282333374;-99.9526977539;
37.1535263062;-99.6640930176;
37.5837440491;-99.4272537231;
38.0189437866;-99.2979049683;
38.4591827393;-99.2620086670;
38.9045181274;-99.2860412598;
39.3550109863;-99.3371734619;
39.8107185364;-99.4071578979;
40.2717056274;-99.5241470337;
40.7380294800;-99.7333145142;
41.2097511292;-100.0522537231;
41.6869392395;-100.4264831543;
42.1696510315;-100.7046356201;
42.6579513550;-100.7169570923;
43.1519050598;-100.3773269653;
43.6515808105;-99.7529830933;
44.1570434570;-99.0073165894;
44.6683578491;-98.1765213013;
45.1855926514;-97.6546478271;
45.7088165283;-97.3497619629;
46.2380981445;-97.2802505493;
46.7735099792;-97.4409942627;
47.3151206970;-97.8021545410;
47.8630027771;-98.3017044067;
48.4172286987;-98.8365097046;
48.9778900146;-99.2724914551;
49.5450248718;-99.5012817383;
50.1187286377;-99.4670791626;
50.6990776062;-99.3484649658;
51.2861442566;-99.3997192383;
51.8800086975;-99.5960845947;
52.4807510376;-99.9012908936;
53.0884475708;-100.2508163452;
53.7031822205;-100.7226181030;
54.3250350952;-101.0500946045;
54.9540901184;-101.0894470215;
55.5904273987;-100.9319152832;
56.2341308594;-100.3058853149;
56.8852920532;-99.3751449585;
57.5439910889;-98.4789276123;
58.2103195190;-96.6880111694;
58.8843612671;-95.0347290039;
59.5662117004;-94.3036727905;
60.2559547424;-94.1432037354;
60.9536857605;-94.9152832031;
61.6594963074;-95.8917083740;
62.3734779358;-97.4467010498;
63.0957260132;-98.7258148193;
63.8263397217;-99.4543380737;
64.5654144287;-99.8967895508;
65.3130645752;-100.0943298340;
66.0693511963;-100.2608108521;
66.8343963623;-100.3859481812;
67.6083068848;-100.2792434692;
68.3911743164;-99.8699188232;
69.1831054688;-99.4674682617;
69.9842071533;-99.2462692261;
70.7945785522;-99.0851516724;
71.6143417358;-98.8272628784;
72.4435958862;-98.5447540283;
73.2824554443;-98.6057357788;
74.1310272217;-98.8444442749;
74.9894180298;-98.7202224731;
75.8577575684;-97.9624099731;
76.7361450195;-97.5279769897;
77.6247100830;-97.4689559937;
78.5235595703;-97.4071426392;
79.4328155518;-97.0050888062;
80.3526077271;-96.7825012207;
81.2830429077;-96.9005279541;
82.2242584229;-97.3090286255;
83.1763687134;-97.3817901611;
84.1395034790;-96.9052963257;
85.1137924194;-96.3101425171;
86.0993652344;-96.0320205688;
87.0963668823;-96.3343582153;
88.1048965454;-96.5175628662;
89.1251068115;-95.7858734131;
90.1571197510;-95.0710372925;
91.2010955811;-95.1273040771;
92.2571487427;-95.5578613281;
93.3254394531;-95.4826812744;
94.4060897827;-95.1286773682;
95.4992599487;-95.1204757690;
96.6050872803;-95.1395645142;
97.7237243652;-94.8192672729;
98.8553085327;-94.6864776611;
100.0000000000;-94.6373596191;
101.1579742432;-94.4861602783;
102.3292999268;-94.3179244995;
103.5142440796;-94.1335830688;
104.7128524780;-93.9620285034;
105.9253921509;-93.8016204834;
107.1519241333;-93.7062911987;
108.3927154541;-93.6559295654;
109.6478118896;-93.6598510742;
110.9175033569;-93.7327651978;
112.2018356323;-93.8300247192;
113.5010986328;-93.9602279663;
114.8153457642;-94.0996780396;
116.1448745728;-94.2454605103;
117.4897384644;-94.4028854370;
118.8502349854;-94.5736694336;
120.2264251709;-94.7532882690;
121.6186141968;-94.9375381470;
123.0268554688;-95.0998306274;
124.4514694214;-95.2395324707;
125.8925170898;-95.3411941528;
127.3503112793;-95.4265365601;
128.8249206543;-95.5252075195;
130.3166809082;-95.6512145996;
131.8256378174;-95.8555526733;
133.3521423340;-96.1346817017;
134.8963165283;-96.4798278809;
136.4583129883;-96.8873901367;
138.0384674072;-97.3506240845;
139.6368255615;-97.8198089600;
141.2537841797;-98.2622070312;
142.8893890381;-98.6555404663;
144.5440063477;-98.9839324951;
146.2176971436;-99.2498931885;
147.9108581543;-99.5088272095;
149.6235504150;-99.7886352539;
151.3561553955;-100.0919113159;
153.1087188721;-100.3997879028;
154.8816833496;-100.6762771606;
156.6750793457;-100.8838500977;
158.4893341064;-100.9854736328;
160.3245086670;-100.9813690186;
162.1810302734;-100.8855133057;
164.0589447021;-100.7548217773;
165.9586944580;-100.6820602417;
167.8803710938;-100.7571029663;
169.8243713379;-101.0220718384;
171.7908020020;-101.4480972290;
173.7800903320;-101.9489364624;
175.7923126221;-102.4238662720;
177.8279418945;-102.6783752441;
179.8871459961;-102.9823684692;
181.9700775146;-103.1761856079;
184.0772399902;-103.3093490601;
186.2087097168;-103.4723281860;
188.3649444580;-103.5854187012;
190.5460662842;-103.6287918091;
192.7525329590;-103.6912384033;
194.9844360352;-103.8023300171;
197.2423095703;-103.9718551636;
199.5262145996;-104.2099380493;
201.8366699219;-104.5313415527;
204.1737670898;-104.9293136597;
206.5380401611;-105.5094451904;
208.9295806885;-105.8312072754;
211.3489227295;-105.7662200928;
213.7961730957;-105.4345474243;
216.2718658447;-104.7101211548;
218.7761230469;-102.9922790527;
221.3094787598;-101.6917037964;
223.8720703125;-101.5712738037;
226.4644470215;-102.1697769165;
229.0867156982;-104.0903015137;
231.7394714355;-106.2772140503;
234.4228210449;-107.1158599854;
237.1373748779;-107.6757736206;
239.8833618164;-107.9669265747;
242.6610107422;-107.9802398682;
245.4709472656;-107.6925125122;
248.3132934570;-107.3085632324;
251.1887054443;-107.0833129883;
254.0972595215;-107.0603332520;
257.0396423340;-107.2743301392;
260.0159301758;-107.5486373901;
263.0268554688;-107.6996154785;
266.0724792480;-107.7932739258;
269.1535339355;-107.9409866333;
272.2700805664;-108.1668930054;
275.4229125977;-108.5258483887;
278.6120605469;-109.0063171387;
281.8383178711;-109.4607086182;
285.1017761230;-109.6780166626;
288.4031677246;-109.6756973267;
291.7426452637;-109.8182144165;
295.1209411621;-109.9374084473;
298.5382080078;-109.8694839478;
301.9951782227;-109.7601623535;
305.4920349121;-109.8125305176;
309.0295410156;-109.8508911133;
312.6078491211;-109.8882064819;
316.2277526855;-109.9207382202;
319.8895874023;-109.9543151855;
323.5936584473;-109.9901733398;
327.3407592773;-110.0344543457;
331.1311035156;-110.0877151489;
334.9655151367;-110.1574707031;
338.8441467285;-110.2345123291;
342.7678527832;-110.3307723999;
346.7368164062;-110.4329757690;
350.7519226074;-110.5519485474;
354.8133544922;-110.6849517822;
358.9219970703;-110.8303222656;
363.0780029297;-110.9822082520;
367.2823486328;-111.1224517822;
371.5351867676;-111.2257614136;
375.8374328613;-111.2651290894;
380.1893310547;-111.2649154663;
384.5918273926;-111.2014770508;
389.0450744629;-111.1466445923;
393.5501098633;-111.1026000977;
398.1070861816;-111.1389694214;
402.7170410156;-111.2260513306;
407.3801879883;-111.3561325073;
412.0975341797;-111.5168609619;
416.8692626953;-111.6505661011;
421.6965026855;-111.7522125244;
426.5796203613;-111.7993698120;
431.5190734863;-111.8033676147;
436.5159301758;-111.7930450439;
441.5704345703;-111.7734527588;
446.6836853027;-111.7446517944;
451.8559265137;-111.6837539673;
457.0882873535;-111.5912551880;
462.3809814453;-111.4810562134;
467.7352294922;-111.3886718750;
473.1512145996;-111.4275817871;
478.6301574707;-111.5988388062;
484.1723022461;-111.8666458130;
489.7788696289;-112.1725540161;
495.4501037598;-112.4423675537;
501.1872863770;-112.6270599365;
506.9906311035;-112.7703018188;
512.8614501953;-112.9035263062;
518.7999267578;-113.0301666260;
524.8074951172;-113.1443939209;
530.8843383789;-113.2394485474;
537.0317993164;-113.3125228882;
543.2501831055;-113.3634414673;
549.5408935547;-113.3987655640;
555.9041137695;-113.4388427734;
562.3413085938;-113.5021972656;
568.8530883789;-113.5801391602;
575.4399414062;-113.6440887451;
582.1033325195;-113.6692123413;
588.8436279297;-113.6607131958;
595.6622924805;-113.6608886719;
602.5595703125;-113.7284545898;
609.5369873047;-113.8661193848;
616.5949707031;-114.0399017334;
623.7349243164;-114.2220306396;
630.9572753906;-114.4055633545;
638.2636108398;-114.5615234375;
645.6541137695;-114.6276779175;
653.1306152344;-114.5837478638;
660.6933593750;-114.5011520386;
668.3439941406;-114.4969787598;
676.0828857422;-114.5927963257;
683.9116821289;-114.6254425049;
691.8308105469;-114.6062774658;
699.8420410156;-114.5591888428;
707.9456176758;-114.5047531128;
716.1434326172;-114.4217147827;
724.4357910156;-114.3625259399;
732.8245239258;-114.3785552979;
741.3100585938;-114.4585800171;
749.8942260742;-114.6667785645;
758.5777587891;-114.9077682495;
767.3614501953;-115.0709762573;
776.2473144531;-115.2493286133;
785.2355957031;-115.3301391602;
794.3284301758;-115.3746414185;
803.5260620117;-115.4421386719;
812.8306884766;-115.4369277954;
822.2425537109;-115.4117813110;
831.7639160156;-115.3880920410;
841.3950195312;-115.3426895142;
851.1381835938;-115.3640136719;
860.9936523438;-115.4906311035;
870.9636840820;-115.5197525024;
881.0487670898;-115.3439941406;
891.2510375977;-115.1402587891;
901.5709838867;-115.1098327637;
912.0109252930;-115.3173751831;
922.5712280273;-115.5950317383;
933.2543334961;-115.7201538086;
944.0606689453;-115.7071304321;
954.9926147461;-115.7443466187;
966.0506591797;-115.9186019897;
977.2372436523;-116.1639404297;
988.5528564453;-116.2446823120;
1000.0000000000;-115.9784164429;
1011.5797119141;-116.0003051758;
1023.2929687500;-116.0205917358;
1035.1424560547;-116.0393600464;
1047.1285400391;-116.0627822876;
1059.2539062500;-116.0875625610;
1071.5192871094;-116.1136779785;
1083.9271240234;-116.1366271973;
1096.4781494141;-116.1557617188;
1109.1750488281;-116.1694946289;
1122.0183105469;-116.1827468872;
1135.0109863281;-116.1980133057;
1148.1534423828;-116.2193908691;
1161.4487304688;-116.2446289062;
1174.8973388672;-116.2754821777;
1188.5023193359;-116.3064193726;
1202.2642822266;-116.3371582031;
1216.1861572266;-116.3663177490;
1230.2685546875;-116.3952407837;
1244.5146484375;-116.4233703613;
1258.9251708984;-116.4494018555;
1273.5031738281;-116.4680252075;
1288.2492675781;-116.4814147949;
1303.1667480469;-116.4904098511;
1318.2563476562;-116.5038986206;
1333.5214843750;-116.5333328247;
1348.9632568359;-116.5794448853;
1364.5831298828;-116.6426696777;
1380.3846435547;-116.7166671753;
1396.3682861328;-116.7809906006;
1412.5378417969;-116.8296508789;
1428.8939208984;-116.8622589111;
1445.4400634766;-116.8836746216;
1462.1770019531;-116.9079132080;
1479.1086425781;-116.9411468506;
1496.2354736328;-116.9754562378;
1513.5615234375;-117.0004119873;
1531.0872802734;-117.0068130493;
1548.8167724609;-116.9916305542;
1566.7508544922;-116.9621887207;
1584.8933105469;-116.9405288696;
1603.2451171875;-116.9501113892;
1621.8101806641;-117.0001068115;
1640.5894775391;-117.0803985596;
1659.5870361328;-117.1652908325;
1678.8035888672;-117.2295837402;
1698.2437744141;-117.2653656006;
1717.9079589844;-117.2841186523;
1737.8009033203;-117.3022003174;
1757.9230957031;-117.3263854980;
1778.2794189453;-117.3426971436;
1798.8713378906;-117.3727264404;
1819.7008056641;-117.4137039185;
1840.7724609375;-117.4787216187;
1862.0870361328;-117.6088180542;
1883.6495361328;-117.6966857910;
1905.4605712891;-117.6847763062;
1927.5252685547;-117.6365203857;
1949.8444824219;-117.5957260132;
1972.4230957031;-117.5930175781;
1995.2620849609;-117.6218948364;
2018.3666992188;-117.6475296021;
2041.7376708984;-117.6412200928;
2065.3803710938;-117.5952148438;
2089.2958984375;-117.5899734497;
2113.4892578125;-117.6340560913;
2137.9616699219;-117.6960220337;
2162.7187500000;-117.7586822510;
2187.7612304688;-117.8435440063;
2213.0949707031;-117.9188613892;
2238.7207031250;-117.9586868286;
2264.6442871094;-117.9884490967;
2290.8671875000;-118.0098724365;
2317.3947753906;-118.0091247559;
2344.2282714844;-118.0041503906;
2371.3737792969;-118.0093612671;
2398.8334960938;-118.0226516724;
2426.6101074219;-118.0325775146;
2454.7094726562;-118.0451431274;
2483.1330566406;-118.0361862183;
2511.8869628906;-118.0060424805;
2540.9726562500;-118.0242462158;
2570.3962402344;-118.1334075928;
2600.1594238281;-118.2216567993;
2630.2685546875;-118.1558609009;
2660.7248535156;-118.0076904297;
2691.5351562500;-117.9043426514;
2722.7009277344;-117.8973693848;
2754.2290039062;-118.0054244995;
2786.1208496094;-118.1604309082;
2818.3833007812;-118.2741775513;
2851.0178222656;-118.3199081421;
2884.0317382812;-118.3166656494;
2917.4265136719;-118.3121109009;
2951.2094726562;-118.3008041382;
2985.3820800781;-118.2338409424;
3019.9519042969;-118.0772171021;
3054.9204101562;-118.0567398071;
3090.2954101562;-118.0439453125;
3126.0786132812;-118.0327606201;
3162.2775878906;-118.0288314819;
3198.8959960938;-118.0286636353;
3235.9365234375;-118.0367507935;
3273.4077148438;-118.0525894165;
3311.3110351562;-118.0766754150;
3349.6550292969;-118.1063003540;
3388.4414062500;-118.1383743286;
3427.6784667969;-118.1598815918;
3467.3681640625;-118.1764144897;
3507.5192871094;-118.1776275635;
3548.1335449219;-118.1765823364;
3589.2199707031;-118.1735610962;
3630.7800292969;-118.1850738525;
3672.8234863281;-118.2034225464;
3715.3518066406;-118.2358779907;
3758.3745117188;-118.2695465088;
3801.8933105469;-118.3022232056;
3845.9182128906;-118.3194808960;
3890.4506835938;-118.3239746094;
3935.5009765625;-118.3177337646;
3981.0708007812;-118.2989501953;
4027.1704101562;-118.2843093872;
4073.8017578125;-118.2756042480;
4120.9750976562;-118.2907104492;
4168.6928710938;-118.3227005005;
4216.9648437500;-118.3623886108;
4265.7963867188;-118.3998947144;
4315.1904296875;-118.4072494507;
4365.1591796875;-118.3916702271;
4415.7041015625;-118.3567581177;
4466.8369140625;-118.3168640137;
4518.5590820312;-118.2988586426;
4570.8828125000;-118.3032455444;
4623.8095703125;-118.3284301758;
4677.3520507812;-118.3679275513;
4731.5122070312;-118.4070053101;
4786.3017578125;-118.4408264160;
4841.7231445312;-118.4708938599;
4897.7890625000;-118.4992065430;
4954.5009765625;-118.5273742676;
5011.8730468750;-118.5525741577;
5069.9062500000;-118.5706329346;
5128.6142578125;-118.5831909180;
5187.9995117188;-118.5930404663;
5248.0747070312;-118.5993499756;
5308.8432617188;-118.5955276489;
5370.3183593750;-118.5729904175;
5432.5019531250;-118.5327529907;
5495.4086914062;-118.4934082031;
5559.0410156250;-118.4760208130;
5623.4130859375;-118.4712677002;
5688.5307617188;-118.4469604492;
5754.3994140625;-118.3902740479;
5821.0336914062;-118.3286895752;
5888.4365234375;-118.3079147339;
5956.6225585938;-118.3599319458;
6025.5957031250;-118.4509735107;
6095.3701171875;-118.5256576538;
6165.9497070312;-118.5466613770;
6237.3496093750;-118.5139160156;
6309.5727539062;-118.4470672607;
6382.6357421875;-118.3584136963;
6456.5415039062;-118.2575607300;
6531.3061523438;-118.1704711914;
6606.9335937500;-118.1294708252;
6683.4399414062;-118.1606903076;
6760.8286132812;-118.2067718506;
6839.1171875000;-118.2083740234;
6918.3081054688;-118.1974258423;
6998.4204101562;-118.1988143921;
7079.4560546875;-118.2301101685;
7161.4345703125;-118.3096923828;
7244.3579101562;-118.3413009644;
7328.2456054688;-118.2982559204;
7413.1005859375;-118.2269744873;
7498.9418945312;-118.1409683228;
7585.7778320312;-118.1188049316;
7673.6147460938;-118.1526489258;
7762.4731445312;-118.2389373779;
7852.3559570312;-118.2757492065;
7943.2841796875;-118.2258682251;
8035.2607421875;-118.0921173096;
8128.3066406250;-117.9796752930;
8222.4257812500;-117.9488830566;
8317.6396484375;-117.9631881714;
8413.9501953125;-118.0168914795;
8511.3818359375;-118.0856933594;
8609.9365234375;-118.0884780884;
8709.6367187500;-118.0166549683;
8810.4873046875;-118.0024948120;
8912.5107421875;-118.0685501099;
9015.7099609375;-118.0901031494;
9120.1093750000;-118.0277862549;
9225.7128906250;-117.9605484009;
9332.5439453125;-117.9150009155;
9440.6064453125;-117.8588790894;
9549.9267578125;-117.8407440186;
9660.5068359375;-117.9050674438;
9772.3720703125;-118.0220947266;
9885.5283203125;-118.0678558350;
10000.0000000000;-117.9092788696;
10115.7968750000;-117.8795776367;
10232.9355468750;-117.8466720581;
10351.4189453125;-117.8107452393;
10471.2851562500;-117.7797317505;
10592.5400390625;-117.7509460449;
10715.1982421875;-117.7301330566;
10839.2656250000;-117.7111511230;
10964.7812500000;-117.6943893433;
11091.7500000000;-117.6740646362;
11220.1894531250;-117.6501541138;
11350.1035156250;-117.6170120239;
11481.5351562500;-117.5744781494;
11614.4873046875;-117.5264205933;
11748.9804687500;-117.4723968506;
11885.0166015625;-117.4216537476;
12022.6425781250;-117.3747940063;
12161.8613281250;-117.3398666382;
12302.6923828125;-117.3136138916;
12445.1396484375;-117.2919692993;
12589.2509765625;-117.2718276978;
12735.0312500000;-117.2409820557;
12882.4990234375;-117.1985473633;
13031.6611328125;-117.1430740356;
13182.5634765625;-117.0735702515;
13335.2138671875;-117.0040054321;
13489.6328125000;-116.9371871948;
13645.8388671875;-116.8744812012;
13803.8388671875;-116.8115005493;
13963.6826171875;-116.7440567017;
14125.3789062500;-116.6793746948;
14288.9462890625;-116.6254348755;
14454.3925781250;-116.5913314819;
14621.7705078125;-116.5808792114;
14791.0869140625;-116.5723266602;
14962.3632812500;-116.5534973145;
15135.6064453125;-116.5224838257;
15310.8730468750;-116.4830322266;
15488.1679687500;-116.4400863647;
15667.5166015625;-116.3918609619;
15848.9248046875;-116.3298187256;
16032.4511718750;-116.2594528198;
16218.1025390625;-116.1948242188;
16405.9042968750;-116.1495742798;
16595.8613281250;-116.1298675537;
16788.0371093750;-116.1304626465;
16982.4375000000;-116.1362686157;
17179.0898437500;-116.1307601929;
17378.0000000000;-116.1074600220;
17579.2324218750;-116.0736465454;
17782.7949218750;-116.0526504517;
17988.7148437500;-116.0237197876;
18197.0175781250;-115.9993362427;
18407.7148437500;-115.9751052856;
18620.8710937500;-115.9367599487;
18836.4941406250;-115.8910369873;
19054.6171875000;-115.8413162231;
19275.2421875000;-115.7614517212;
19498.4433593750;-115.6463623047;
19724.2304687500;-115.5103912354;
19952.6328125000;-115.3895339966;
20183.6562500000;-115.3257141113;
20417.3769531250;-115.3410415649;
20653.8046875000;-115.4730072021;
20892.9687500000;-115.6002120972;
21134.8808593750;-115.6128463745;
21379.6171875000;-115.5515060425;
21627.1875000000;-115.4296722412;
21877.6230468750;-115.2080230713;
22130.9355468750;-115.0297012329;
22387.2070312500;-114.9639053345;
22646.4433593750;-114.9326934814;
22908.6835937500;-114.9104614258;
23173.9335937500;-114.8774566650;
23442.2812500000;-114.8483352661;
23713.7363281250;-114.8209381104;
23988.3359375000;-114.8131103516;
24266.1132812500;-114.8027267456;
24547.0820312500;-114.7398757935;
24831.3300781250;-114.6393890381;
25118.8691406250;-114.5517196655;
25409.7402343750;-114.5008468628;
25703.9492187500;-114.4808578491;
26001.5937500000;-114.4740219116;
26302.6835937500;-114.4861145020;
26607.2617187500;-114.4981384277;
26915.3378906250;-114.4808349609;
27227.0097656250;-114.4377059937;
27542.2910156250;-114.3430175781;
27861.2226562500;-114.1946029663;
28183.8164062500;-114.0545959473;
28510.1777343750;-114.0059432983;
28840.3183593750;-114.0755996704;
29174.2812500000;-114.1314620972;
29512.0781250000;-114.0276565552;
29853.8203125000;-113.8770370483;
30199.5175781250;-113.9569778442;
30549.2207031250;-113.9618911743;
30902.9375000000;-113.9979095459;
31260.7851562500;-114.0362777710;
31622.7773437500;-114.0852508545;
31988.9589843750;-114.1288299561;
32359.3828125000;-114.1605834961;
32734.0585937500;-114.1733169556;
33113.1093750000;-114.1657943726;
33496.5507812500;-114.1355056763;
33884.4335937500;-114.0951461792;
34276.7656250000;-114.0536270142;
34673.6835937500;-114.0181427002;
35075.1953125000;-114.0045471191;
35481.3554687500;-114.0105361938;
35892.1796875000;-114.0337753296;
36307.8007812500;-114.0830078125;
36728.2343750000;-114.1397476196;
37153.5390625000;-114.2078781128;
37583.7226562500;-114.2704544067;
38018.9335937500;-114.3255538940;
38459.1796875000;-114.3366088867;
38904.5273437500;-114.2973861694;
39354.9882812500;-114.2146072388;
39810.7070312500;-114.0572738647;
40271.7070312500;-113.9097061157;
40738.0390625000;-113.7831268311;
41209.7304687500;-113.7739181519;
41686.9257812500;-113.8729858398;
42169.6484375000;-114.0460357666;
42657.9648437500;-114.2771682739;
43151.9296875000;-114.4629974365;
43651.5703125000;-114.5918045044;
44157.0429687500;-114.6643676758;
44668.3671875000;-114.7048492432;
45185.6171875000;-114.7791824341;
45708.8046875000;-114.8921508789;
46238.0976562500;-115.0400390625;
46773.5234375000;-115.2066802979;
47315.1484375000;-115.3580169678;
47862.9921875000;-115.4938125610;
48417.2304687500;-115.6190795898;
48977.8867187500;-115.7347412109;
49545.0390625000;-115.8348007202;
50118.7031250000;-115.8985900879;
50699.0625000000;-115.9282684326;
51286.1445312500;-115.9475250244;
51880.0234375000;-115.9784088135;
52480.7187500000;-116.0355224609;
53088.4335937500;-116.1216201782;
53703.1835937500;-116.2284011841;
54325.0507812500;-116.3410873413;
54954.0585937500;-116.4408798218;
55590.4101562500;-116.5086059570;
56234.1328125000;-116.5453720093;
56885.3085937500;-116.5764083862;
57544.0234375000;-116.6234436035;
58210.3046875000;-116.6872634888;
58884.3632812500;-116.7590332031;
59566.2265625000;-116.8571243286;
60255.9882812500;-116.9701766968;
60953.6679687500;-117.1075286865;
61659.4960937500;-117.2524719238;
62373.4960937500;-117.4004287720;
63095.7617187500;-117.5582580566;
63826.3242187500;-117.7202148438;
64565.4140625000;-117.8655090332;
65313.0625000000;-117.9842147827;
66069.3671875000;-118.0917358398;
66834.3593750000;-118.2720108032;
67608.2890625000;-118.4479827881;
68391.1718750000;-118.5358123779;
69183.1250000000;-118.6208343506;
69984.1640625000;-118.7245483398;
70794.5625000000;-118.8294372559;
71614.3437500000;-118.9174423218;
72443.6171875000;-118.9742355347;
73282.4140625000;-119.0487136841;
74131.0078125000;-119.1582565308;
74989.4218750000;-119.3366851807;
75857.7812500000;-119.4792480469;
76736.1875000000;-119.5354614258;
77624.6875000000;-119.5821914673;
78523.5625000000;-119.6521301270;
79432.8437500000;-119.7343292236;
80352.6484375000;-119.7105102539;
81283.0234375000;-119.3943252563;
82224.2578125000;-119.1889038086;
83176.3906250000;-119.4021301270;
84139.5546875000;-120.0314559937;
85113.7734375000;-120.4607696533;
86099.3671875000;-120.6028747559;
87096.3671875000;-120.6978073120;
88104.9218750000;-120.8060073853;
89125.0546875000;-120.9232559204;
90157.1015625000;-121.0740890503;
91201.0937500000;-121.2254867554;
92257.1718750000;-121.3861389160;
93325.3828125000;-121.5756530762;
94406.0703125000;-121.7154159546;
95499.2656250000;-121.7649917603;
96605.1171875000;-121.9104461670;
97723.6718750000;-122.1139602661;
98855.2812500000;-122.2666854858;
100000.0000000000;-122.2832565308;
101157.9687500000;-122.3996582031;
102329.3515625000;-122.5110931396;
103514.1875000000;-122.6178436279;
104712.8515625000;-122.7302856445;
105925.3984375000;-122.8461151123;
107151.9843750000;-122.9777984619;
108392.6562500000;-123.1172943115;
109647.8125000000;-123.2662506104;
110917.5000000000;-123.4219589233;
112201.8984375000;-123.5771636963;
113501.0390625000;-123.7261962891;
114815.3437500000;-123.8546676636;
116144.8750000000;-123.9666137695;
117489.8046875000;-124.0367507935;
118850.1718750000;-124.0819473267;
120226.4218750000;-124.1118316650;
121618.6093750000;-124.1404190063;
123026.9218750000;-124.1987380981;
124451.3984375000;-124.2870407104;
125892.5156250000;-124.4249954224;
127350.3125000000;-124.6036529541;
128824.9921875000;-124.7918090820;
130316.6093750000;-124.9781036377;
131825.6406250000;-125.1220397949;
133352.1406250000;-125.2206039429;
134896.3281250000;-125.2870178223;
136458.3906250000;-125.3314895630;
138038.3906250000;-125.3817825317;
139636.8281250000;-125.4621200562;
141253.7812500000;-125.5715255737;
142889.4687500000;-125.7063903809;
144543.9218750000;-125.8579330444;
146217.7031250000;-126.0110626221;
147910.8593750000;-126.1542434692;
149623.6250000000;-126.2866592407;
151356.0625000000;-126.4097595215;
153108.7187500000;-126.5248107910;
154881.6875000000;-126.6291275024;
156675.1718750000;-126.7109298706;
158489.2500000000;-126.7403564453;
160324.5156250000;-126.7154922485;
162181.0312500000;-126.6703338623;
164059.0312500000;-126.6654510498;
165958.6093750000;-126.7546844482;
167880.3593750000;-126.9495086670;
169824.3750000000;-127.2046203613;
171790.8906250000;-127.4413070679;
173779.9843750000;-127.5981521606;
175792.3125000000;-127.6679687500;
177827.9375000000;-127.6846694946;
179887.1406250000;-127.6943359375;
181970.1875000000;-127.7278213501;
184077.1406250000;-127.8124771118;
186208.7031250000;-128.0656890869;
188364.9531250000;-128.4051666260;
190546.1562500000;-128.6120300293;
192752.4218750000;-128.7534942627;
194984.4375000000;-128.8269653320;
197242.3125000000;-128.8560485840;
199526.3125000000;-128.8648986816;
201836.5625000000;-128.8695068359;
204173.7656250000;-128.8883514404;
206538.0468750000;-128.9991912842;
208929.7031250000;-129.1944122314;
211348.8125000000;-129.3335113525;
213796.1718750000;-129.4497833252;
216271.8750000000;-129.5493316650;
218776.2343750000;-129.6939697266;
221309.3593750000;-129.8403320312;
223872.0625000000;-129.9463653564;
226464.4375000000;-130.0666961670;
229086.8281250000;-130.2443389893;
231739.3437500000;-130.3831329346;
234422.8125000000;-130.4581146240;
237137.3750000000;-130.5564575195;
239883.3593750000;-130.5781250000;
242661.1406250000;-130.5167846680;
245470.8125000000;-130.4356384277;
248313.2968750000;-130.5149383545;
251188.7031250000;-130.8157806396;
254097.3906250000;-131.1505279541;
257039.4843750000;-131.3701324463;
260015.9375000000;-131.4977111816;
263026.8437500000;-131.5494079590;
266072.6250000000;-131.5598297119;
269153.3750000000;-131.5721435547;
272270.0937500000;-131.6513977051;
275422.9062500000;-131.8345489502;
278612.2187500000;-132.0239868164;
281838.1562500000;-132.0621490479;
285101.7812500000;-131.9628143311;
288403.1875000000;-131.9077606201;
291742.8125000000;-132.1307373047;
295120.7812500000;-132.4082794189;
298538.1875000000;-132.6001892090;
301995.1875000000;-132.8255310059;
305492.2187500000;-132.9751129150;
309029.3750000000;-133.1139678955;
312607.8437500000;-133.2433471680;
316227.7812500000;-133.3565216064;
319889.5937500000;-133.4478302002;
323593.8125000000;-133.5282440186;
327340.5937500000;-133.5822601318;
331131.0937500000;-133.6316680908;
334965.5000000000;-133.6742706299;
338844.3125000000;-133.7240295410;
342767.6562500000;-133.7812347412;
346736.8125000000;-133.8561553955;
350751.9375000000;-133.9497680664;
354813.5312500000;-134.0550384521;
358921.7812500000;-134.1764526367;
363078.0000000000;-134.3073425293;
367282.3437500000;-134.4445190430;
371535.3750000000;-134.5890045166;
375837.2500000000;-134.7388305664;
380189.3437500000;-134.8902893066;
384591.8125000000;-135.0423126221;
389045.2812500000;-135.1914520264;
393549.8750000000;-135.3400726318;
398107.0937500000;-135.4899902344;
402717.0625000000;-135.6435546875;
407380.4062500000;-135.8041229248;
412097.3125000000;-135.9634094238;
416869.2812500000;-136.1133117676;
421696.5000000000;-136.2443389893;
426579.6250000000;-136.3379211426;
431519.3125000000;-136.3937530518;
436515.6875000000;-136.4284667969;
441570.4375000000;-136.4540863037;
446683.6875000000;-136.4816436768;
451856.1562500000;-136.5178680420;
457088.0312500000;-136.5666503906;
462380.9687500000;-136.6325378418;
467735.2187500000;-136.7206268311;
473151.4687500000;-136.8271484375;
478629.9062500000;-136.9363555908;
484172.3125000000;-137.0282135010;
489778.8750000000;-137.0938720703;
495450.3750000000;-137.1482391357;
501187.0000000000;-137.2209930420;
506990.6250000000;-137.3288879395;
512861.4375000000;-137.4593353271;
518800.2187500000;-137.5848083496;
524807.1875000000;-137.6950836182;
530884.3125000000;-137.8141479492;
537031.8125000000;-137.9665527344;
543250.5000000000;-138.1567382812;
549540.5625000000;-138.3487701416;
555904.1250000000;-138.4899902344;
562341.3125000000;-138.5512084961;
568853.0625000000;-138.5511779785;
575440.2500000000;-138.5413513184;
582103.0625000000;-138.5662841797;
588843.6250000000;-138.6894683838;
595662.2500000000;-138.8613433838;
602559.8750000000;-138.9921722412;
609536.6875000000;-139.1371002197;
616594.9375000000;-139.2979583740;
623734.9375000000;-139.4703063965;
630957.6250000000;-139.6389465332;
638263.2500000000;-139.8259887695;
645654.1250000000;-139.9219512939;
653130.6250000000;-139.9487915039;
660693.6875000000;-139.9791564941;
668343.6250000000;-140.0604400635;
676082.8750000000;-140.1633758545;
683911.6875000000;-140.2176971436;
691831.1875000000;-140.2549743652;
699841.6875000000;-140.3075561523;
707945.6250000000;-140.4046020508;
716143.4375000000;-140.6191101074;
724436.1875000000;-140.8055114746;
732824.1250000000;-140.8740997314;
741310.0625000000;-140.9472045898;
749894.1875000000;-141.0601348877;
758577.7500000000;-141.2597198486;
767361.8750000000;-141.4976196289;
776246.8750000000;-141.6366119385;
785235.6250000000;-141.7791442871;
794328.4375000000;-141.8965301514;
803526.5000000000;-142.0135192871;
812830.2500000000;-142.0894165039;
822242.5625000000;-142.1207733154;
831763.9375000000;-142.2227020264;
841395.5000000000;-142.3270111084;
851137.6875000000;-142.4174957275;
860993.6250000000;-142.5344390869;
870963.6875000000;-142.6808776855;
881049.2500000000;-142.8569335938;
891250.5625000000;-142.9509124756;
901571.0000000000;-143.0002288818;
912010.9375000000;-143.1117248535;
922571.7500000000;-143.2833709717;
933253.8750000000;-143.4015197754;
944060.6875000000;-143.5578155518;
954992.6250000000;-143.8131713867;
966051.1875000000;-143.9883117676;
977236.6875000000;-143.9689636230;
988552.8125000000;-143.8605957031;
1000000.0000000000;-143.2383422852;
